200
0.458660095269 0.755441163228 1
0.92262303144 0.516616159109 1
0.042034778313 0.31661380048 1
0.258242185462 0.722657125582 1
0.524114141145 0.560572273535 0
0.073898144815 0.146847648704 0
0.34569482743 0.027547489646 2
0.902354756143 0.095514523065 1
0.534926217967 0.59348094811 1
0.977316181472 0.443061543561 1
0.470142743653 0.140460294737 1
0.711674738913 0.0113506755894 2
0.402997501894 0.818609851455 0
0.510171948067 0.575953978271 0
0.488533377853 0.884220671826 2
0.0452901067946 0.0844903662395 0
0.271574266801 0.558495941742 1
0.830296973595 0.0712496856192 0
0.792349121097 0.831862506609 2
0.664168636015 0.563671134636 2
0.282346094161 0.652057217692 1
0.767534029792 0.0585938543511 2
0.836668726828 0.778149646827 2
0.987611065606 0.902519029775 2
0.942027098296 0.657125198848 0
0.600307019637 0.449945793019 0
0.959174524987 0.88120440443 2
0.882338312676 0.990087471108 2
0.992765177804 0.739236357779 1
0.903985947089 0.478779345151 1
0.349659591802 0.868992809552 0
0.660467709828 0.992465090676 2
0.365165913754 0.644887766096 2
0.33646593739 0.243888336804 0
0.888785560509 0.269669740825 2
0.267199414113 0.850856271934 2
0.067712809191 0.611351257963 1
0.677249341037 0.534751232597 2
0.00481280826766 0.544274505374 1
0.886932697133 0.203351028396 1
0.320980438206 0.137423290717 2
0.74549172359 0.623676623392 0
0.769105702635 0.440838194755 2
0.806875945523 0.776809695838 2
0.15388632492 0.649066411356 0
0.972070339988 0.586501922305 2
0.0378054204491 0.0775478845396 0
0.0895569879044 0.55543391236 2
0.983442743417 0.946049633497 0
0.994700614225 0.278689577778 0
0.34684308961 0.294721755935 0
0.290511066715 0.290140229049 0
0.658377469542 0.906305891097 1
0.697896652422 0.610730194982 0
0.290102844314 0.655495188439 1
0.107269256697 0.419477064497 1
0.928883672964 0.401820882095 0
0.0997226350152 0.606340050769 2
0.584298530915 0.668253521556 2
0.816071675523 0.556119569515 1
0.201846729998 0.423083483438 2
0.347510928139 0.824505512643 0
0.466655672896 0.066214442496 0
0.10333222623 0.00684124158675 0
0.210382734273 0.268842389396 2
0.802232651036 0.321055886752 2
0.756621510894 0.144121223078 0
0.983364275103 0.961272153027 0
0.803977384733 0.601048424692 1
0.351514484771 0.624054981991 2
0.825693281271 0.921923819044 0
0.829595403354 0.769150193699 2
0.836415893388 0.546219550861 1
0.315393518558 0.626828901277 1
0.0600630709871 0.935004493218 2
0.506246007888 0.396038478658 2
0.365536530437 0.929665616205 0
0.764111062694 0.0298255390515 2
0.611269522971 0.979948422953 1
0.00741002942874 0.266457221777 0
0.240358166541 0.476347741123 0
0.163506189118 0.555506576097 2
0.698902573353 0.4233723263 1
0.639895138549 0.917189948854 1
0.402086897227 0.311825622717 1
0.312477457079 0.661540687126 1
0.728730716059 0.831268598488 2
0.769929086199 0.172738692321 0
0.866987333859 0.281164513668 2
0.487369955794 0.510680539148 0
0.850549523457 0.158772219211 1
0.716969650177 0.528620360929 2
0.717399607444 0.992401183514 2
0.550174761916 0.25560010903 2
0.602811740883 0.156190236962 2
0.84786142041 0.52674687033 1
0.299558224022 0.737414002882 2
0.0856515517508 0.204176063519 1
0.230710752891 0.204193588763 2
0.45886064501 0.221589519984 1
0.479625355884 0.832516696022 1
0.303325039245 0.43875126009 0
0.0671940604649 0.836645469807 2
0.783720277753 0.955410936069 0
0.592204980327 0.00369385565829 1
0.606909586522 0.667614195524 2
0.0786199063251 0.489766713465 1
0.631737045382 0.584782927561 2
0.24583720579 0.334031013826 2
0.852699865901 0.95346221365 1
0.914566585242 0.197769429317 2
0.719634992633 0.618192957013 0
0.881592145719 0.576337494849 1
0.755089322103 0.185932424006 0
0.00411948090924 0.718292360372 1
0.0907480606989 0.584519125688 2
0.811145429875 0.289106325863 1
0.698218270228 0.82794527001 1
0.499565012392 0.275461789052 2
0.436797388646 0.563001391941 2
0.552390463962 0.823449383015 2
0.0514849260568 0.955244625827 2
0.752349359006 0.865205136075 2
0.620555026111 0.995338240849 1
0.400551563205 0.666787803443 0
0.808779101354 0.530819181503 0
0.0598849611838 0.590159781246 1
0.792194679723 0.84891150297 2
0.649404297769 0.230672441077 0
0.0353651802537 0.308916612033 0
0.649839628556 0.239254418072 0
0.627917753882 0.643417692699 2
0.544733232837 0.216488914957 2
0.200100143998 0.925617987759 1
0.453306453055 0.517240755017 2
0.720986126552 0.571053431882 0
0.366838366118 0.834157788822 0
0.924986730704 0.403804753477 0
0.870856489674 0.776174587909 0
0.857474314194 0.605297486799 1
0.977185132885 0.750219397089 1
0.404354906994 0.0725482462282 0
0.0641135180975 0.440221074088 1
0.261742605931 0.00268170712521 1
0.447249558456 0.631344788924 0
0.48915482823 0.672321292105 1
0.691217573329 0.452678963035 1
0.860260674547 0.358548943444 2
0.699843336309 0.790397489419 1
0.73589793214 0.0811655557189 2
0.986714288753 0.64732840835 0
0.903319195901 0.955785257038 2
0.629477550608 0.729424812215 0
0.53441862237 0.963258837964 0
0.360992808541 0.528480424772 1
0.612763213571 0.413272107263 0
0.85093585672 0.0524467275543 0
0.403529017608 0.993392738445 1
0.199535521629 0.480176713951 0
0.540488837881 0.807708998397 2
0.996909324278 0.138938556417 2
0.972049343689 0.849690157416 2
0.220806713835 0.46536648569 0
0.707149941827 0.93370721371 2
0.449282972227 0.84773478641 1
0.409725982264 0.0777414740385 0
0.656131905209 0.461942684414 1
0.654001789423 0.578587504342 2
0.284357770707 0.636365050054 1
0.618635264763 0.67142714823 2
0.016080007831 0.0402870789604 0
0.225269744148 0.88915245512 1
0.185862481316 0.542721087596 0
0.141524991036 0.321417691655 1
0.892067451191 0.66097141525 2
0.495874462836 0.54258754037 0
0.434129592669 0.784626881378 0
0.413514522153 0.8004041376 0
0.0835039108983 0.104561420515 0
0.783920069673 0.289017597877 1
0.655983030922 0.502165128384 1
0.299635042846 0.763178238038 2
0.070778874312 0.0525591370506 0
0.940320178979 0.590228068931 2
0.873082702467 0.041440920791 0
0.845223850174 0.912220453227 1
0.181616702844 0.101982646696 1
0.607996525303 0.481120468378 1
0.764765620762 0.628125770327 0
0.377273184581 0.795724395405 0
0.571436982788 0.822544715698 2
0.0620740228482 0.135040307955 0
0.0640903147289 0.256603009294 1
0.360073377183 0.258298081068 0
0.949349964727 0.70147690506 0
0.455940390925 0.457701856977 2
0.88597044119 0.543563979687 1
0.460825261347 0.885103904586 1
0.268073722279 0.726852595588 1
0.250229162662 0.385044107831 0
