200
0.12528650051 0.85716175688 0
0.0576922841139 0.730099281562 2
0.669298741462 0.165962047599 2
0.550335076525 0.614499125132 1
0.360404785931 0.753077881833 2
0.435270573864 0.887311147648 1
0.0349043487868 0.0498041879482 0
0.00537724040012 0.385724094026 0
0.130324863614 0.0474650961035 1
0.339813134318 0.258684916842 0
0.817127679437 0.529327137648 0
0.424988767864 0.170250444881 0
0.847656331177 0.66495484105 2
0.281154987974 0.619575008382 1
0.0823085886786 0.368873287049 1
0.399210518453 0.630410450417 2
0.0136547665018 0.28845731518 0
0.605699401231 0.954771305931 1
0.054759080987 0.166114394277 0
0.599252116274 0.534642329512 1
0.956449021646 0.596507524623 2
0.0456484448385 0.540621848596 1
0.31778064344 0.593563957793 1
0.732837255783 0.404608765112 2
0.286195671745 0.128713544889 2
0.00466635697894 0.750126451701 1
0.612177794433 0.437644103328 1
0.320951139766 0.306727179213 0
0.0248941126863 0.618457225177 1
0.963569461774 0.720191741458 1
0.413983186812 0.807653586468 0
0.603564533236 0.0119630571283 1
0.53476799319 0.826640073196 2
0.0233421369514 0.820518052644 1
0.137545631655 0.832578762705 0
0.230052903406 0.267484503065 2
0.466147821306 0.278538234779 1
0.509989950061 0.145434921325 1
0.44559580025 0.449305557103 2
0.462995233466 0.635142636556 0
0.692685589117 0.164912540212 2
0.8391075256 0.960369318819 1
0.714102486588 0.26179894072 0
0.853511990439 0.632833720209 2
0.226003291055 0.493114822523 0
0.573066572127 0.394354746279 0
0.770865285644 0.307400776309 1
0.599048372636 0.353164125003 0
0.104528874368 0.57647998348 2
0.342338931308 0.847931113128 0
0.0208764578342 0.968420754826 2
0.79630718772 0.366989584956 2
0.386290229867 0.875604180881 0
0.835455474264 0.844100626579 0
0.783339053696 0.0387629049261 2
0.552030010264 0.377792756093 0
0.427116099033 0.852936948381 1
0.843564619559 0.298812301768 2
0.0596372833463 0.417446474951 1
0.564954976411 0.407823459359 0
0.233225200973 0.601134866925 0
0.995166455082 0.458544413717 2
0.0804244959652 0.486887973632 1
0.0043327553888 0.634002816101 1
0.702013882499 0.538832146388 2
0.0474008739583 0.113794023913 0
0.153877132272 0.386336251747 2
0.787751992705 0.428918663711 2
0.695261004754 0.631463735693 0
0.0175364419084 0.495152972726 1
0.971277831652 0.205701547307 2
0.436233487556 0.74715111167 0
0.840749647313 0.400609075524 0
0.224085704847 0.721001240308 1
0.235346861026 0.859409868816 1
0.0371674662724 0.829320240191 2
0.428373148747 0.439302821871 2
0.831118965786 0.0957675054644 0
0.371088013246 0.0175772692177 2
0.259181173742 0.876467935966 2
0.912556204977 0.481558755823 1
0.810795691485 0.424252164816 2
0.872728122783 0.194060238036 1
0.381050763822 0.788769812655 0
0.292412551199 0.15105888644 2
0.132114644498 0.410866743779 2
0.600318076498 0.760377079228 2
0.903674701448 0.605705271752 2
0.246899186553 0.684433285643 1
0.176522733246 0.705005334932 0
0.68269033126 0.203922141742 0
0.0614745277812 0.631942651355 1
0.965193448773 0.482103342558 1
0.526049162402 0.146456617478 1
0.431164990929 0.735176707553 0
0.659630150629 0.0353370161261 1
0.761497489537 0.381630055698 2
0.557549790327 0.800125224361 2
0.00261121843303 0.990540095411 2
0.467333276405 0.673045053741 0
0.495410457329 0.0901100204925 0
0.730740694631 0.546878141747 0
0.745064210616 0.791143609064 1
0.793925012568 0.98213074471 0
0.491186432175 0.929179144408 2
0.631708179895 0.614491874541 2
0.858272763539 0.287965758049 2
0.668296772343 0.639100625516 2
0.856524137018 0.21690741479 1
0.442973084306 0.882390689147 1
0.558136956339 0.835114470149 2
0.709235888873 0.721551699336 0
0.421683997442 0.471907059147 2
0.676198350471 0.168848289522 2
0.695174127083 0.838873104177 1
0.715448040884 0.640776823825 0
0.959725573022 0.850903270108 2
0.155252558808 0.899365952603 0
0.176808921598 0.471528552271 2
0.156395042799 0.400060125313 2
0.138472436579 0.124787757242 1
0.709406847377 0.836445572008 1
0.521546691808 0.333786176906 2
0.845487254327 0.220357267144 1
0.168192325697 0.685202043207 0
0.514141629499 0.688342385818 1
0.251767418669 0.657503210345 1
0.878280286497 0.684600342595 2
0.910025805021 0.221245622029 2
0.852350733414 0.744589268601 2
0.103884618621 0.788022301615 2
0.0610100588631 0.948616921682 2
0.550971369051 0.240912290973 2
0.017131465532 0.0890049196912 0
0.252379817332 0.257904280505 2
0.124019093481 0.861342173243 0
0.755279447899 0.874632492297 2
0.586691248454 0.324470477866 0
0.280555190053 0.216837005886 2
0.200866621935 0.228654816358 2
0.205529918534 0.393475627062 2
0.506523716448 0.349953272862 2
0.0671859323103 0.192453262996 0
0.523498636762 0.438745918998 0
0.548889854337 0.958540441965 0
0.200665912991 0.255832045924 2
0.332085871213 0.82777181514 2
0.383237920572 0.142914250948 0
0.987717823957 0.26155790043 0
0.476145221191 0.923446157627 2
0.0520914052952 0.717929183604 2
0.926434219588 0.511793852833 1
0.137826421634 0.330659720741 1
0.915194246975 0.307621352013 2
0.512619860496 0.63406946221 1
0.832922586519 0.201018037803 1
0.835283205859 0.670903143272 2
0.935761599019 0.883740958868 2
0.925360945747 0.524137420323 1
0.769113479738 0.901752023576 0
0.932880777891 0.984983630151 2
0.0398346285006 0.153753828362 0
0.260038940866 0.90131444933 2
0.838129759341 0.124816318646 0
0.123034320491 0.70170112513 2
0.487951355381 0.132302794727 1
0.34525165211 0.242924691614 0
0.484873211404 0.545885972556 0
0.519697809757 0.524412997052 0
0.484126447949 0.954103781855 2
0.638367240276 0.439903627192 1
0.812757359264 0.285707730159 1
0.717602969268 0.197635877081 0
0.639613219246 0.788313803402 0
0.771872525658 0.143271765271 0
0.535695561921 0.123187722142 1
0.161792213734 0.88998808299 0
0.756151334233 0.376669579492 2
0.882701319844 0.665577077566 2
0.911652354574 0.319209544744 0
0.947801706312 0.217807923505 2
0.343897211555 0.42156291085 1
0.325472976612 0.0895210376189 2
0.0980074324061 0.672549672035 2
0.62190829921 0.313983416174 0
0.445137610673 0.919782452624 1
0.10980202652 0.601810691459 2
0.841588687142 0.934926241951 1
0.640632448425 0.34556026772 0
0.161790976242 0.0465899223317 1
0.55702700913 0.4933260688 0
0.80255289267 0.628327872904 1
0.819334249324 0.365563799942 2
0.885527296715 0.214348457406 1
0.497314194391 0.74437025958 1
0.569901107556 0.241619203236 2
0.0900920843988 0.643451903582 2
0.0243532313848 0.320163465684 0
0.166641813163 0.627045115611 0
0.701605865038 0.059325267948 2
