2000
0.871236275345 0.286208780902 2
0.80085764978 0.603795346482 1
0.500896216383 0.586510637617 0
0.447986185429 0.704626488633 0
0.229774522781 0.873162686479 1
0.241062060292 0.567810853863 0
0.230291964457 0.657266919394 0
9.98683894149e-05 0.897239178114 1
0.488967078947 0.872976654116 2
0.515501507329 0.0158069624158 0
0.02358426085 0.945447230648 2
0.900121526419 0.485528409851 1
0.526445640541 0.276481018345 2
0.478895975484 0.816946351106 1
0.20486376253 0.912878062379 1
0.454886853432 0.952156737381 2
0.801064631985 0.540451675538 0
0.175373829298 0.389373181973 2
0.662621076059 0.0636204084713 2
0.700422304741 0.421367189523 1
0.872588434382 0.175607878505 1
0.504457696647 0.0981331529086 1
0.479843491732 0.123703102853 1
0.620297498719 0.506059388734 1
0.25223198963 0.216245708523 2
0.00934542541037 0.990016292376 2
0.116790773833 0.323366529236 1
0.936571392203 0.761291795913 1
0.138000129181 0.488514818275 2
0.723354650786 0.254119300741 0
0.962294437636 0.599974802462 2
0.292002962781 0.50689097401 1
0.996048176217 0.972531559081 0
0.172358559483 0.184928161122 1
0.372440107828 0.614786379109 2
0.587157151928 0.336320479588 0
0.00371677998496 0.841497649814 1
0.371249159726 0.750523031323 0
0.909299069165 0.326971770967 0
0.498794394529 0.687146974871 1
0.0762544391388 0.124866098989 0
0.919329006401 0.562732093393 2
0.00397151179496 0.889894275683 1
0.709949455969 0.3367546679 1
0.686943315974 0.26755488886 0
0.0303129527981 0.789666872405 1
0.968619132753 0.170561051316 2
0.0698613502684 0.484889238251 1
0.419863485509 0.365961945349 1
0.296830528342 0.630818681074 1
0.417255491456 0.123270154383 0
0.221546985201 0.258978346921 2
0.48461107427 0.189786346332 1
0.330003736367 0.960863123226 0
0.444969094121 0.156439766205 0
0.496627433757 0.582851206877 0
0.201267563352 0.25049602874 2
0.294631216454 0.640809850202 1
0.969003413291 0.548756517051 2
0.0433174009012 0.431664808866 1
0.595499149089 0.146133528624 2
0.845549207953 0.270321116025 2
0.129912409334 0.215225313544 1
0.0602237843511 0.370117832437 1
0.528350883812 0.667715506231 1
0.747805499246 0.875953199623 2
0.0434461099404 0.152332050648 0
0.925717897176 0.160369675216 1
0.386427826926 0.695929859633 2
0.969336820184 0.599281017805 0
0.16792285714 0.754641225814 0
0.500979180403 0.628068471501 0
0.259079241259 0.559764450405 0
0.584988307617 0.219475669882 2
0.946760540355 0.555313235772 2
0.65515358695 0.0422032461016 1
0.254296252468 0.689233412667 1
0.963214969099 0.298218580018 0
0.627953292376 0.418939588541 1
0.345160022107 0.928042089316 0
0.682896778625 0.950058502186 2
0.148996720843 0.0850831691996 1
0.719017189392 0.440278721053 2
0.279066375509 0.730827128792 1
0.607240800468 0.762890913162 0
0.62018817853 0.446925697303 1
0.429312768069 0.760952425579 0
0.397350099617 0.439122171513 1
0.598485201898 0.382650420267 0
0.537472630651 0.869993585192 2
0.981878245874 0.582621370736 0
0.583914739855 0.998148725468 1
0.0364000722018 0.164091775615 0
0.0067773814366 0.612940226827 1
0.0796416906937 0.571342513146 2
0.862878092 0.723044365 2
0.562789761503 0.147642533655 1
0.0200549891113 0.0741441423633 0
0.331278379889 0.216794248454 0
0.169569799822 0.530822534421 2
0.179017388399 0.260583459163 2
0.00388887142233 0.95940169192 1
0.381865981919 0.652044434973 2
0.792138008972 0.340681146773 2
0.227393193774 0.184738962131 2
0.608987849811 0.509174862506 1
0.44571153325 0.534498429116 2
0.852133255668 0.593521472844 1
0.978361243503 0.479684240113 2
0.870993080593 0.325624837012 2
0.292243069069 0.268494704096 0
0.649802992835 0.435845160491 1
0.996896284971 0.682152034037 1
0.973185597928 0.935708273745 0
0.897847736108 0.685866720078 2
0.473566617399 0.559563895733 0
0.298378532194 0.225832749816 0
0.0949020081453 0.388103042357 1
0.782364214499 0.147533792103 0
0.0425695183884 0.94068991595 2
0.389441020774 0.261571366973 0
0.348481557551 0.970297349952 0
0.720051038625 0.569209936505 0
0.520541231701 0.387705483963 2
0.200583304626 0.366343489127 2
0.965878235815 0.0998876922036 1
0.627016172974 0.411623428632 1
0.336303412172 0.163598216996 0
0.572905915675 0.444899741897 0
0.301318593698 0.115340120172 2
0.547807800362 0.439290789701 0
0.163104490772 0.961159634764 1
0.0920328981882 0.0264049559474 0
0.385238282193 0.748534786726 0
0.64932682609 0.208616994811 2
0.576043624355 0.0798618388662 1
0.0626559683708 0.735620361393 2
0.363293096081 0.992229692328 1
0.470396243297 0.0785159376968 0
0.932303489116 0.995759806918 0
0.903600763514 0.0016896846696 0
0.788507676367 0.948384527183 0
0.172864365382 0.249819893982 2
0.040522288683 0.978383603154 2
0.254835632021 0.865153061801 2
0.752994724854 0.720747264479 1
0.860095278048 0.392539161325 0
0.66694458834 0.507179866289 2
0.47128450269 0.309185215899 1
0.465021413368 0.262339609313 1
0.844850458351 0.120861784009 0
0.0952459082925 0.108424917647 0
0.670783483192 0.925281435703 1
0.99257337005 0.917971812303 0
0.979076432599 0.678907151751 0
0.894123517977 0.237467476941 2
0.8088011234 0.625763091992 1
0.969481220895 0.959939135752 0
0.950943570834 0.766029748245 1
0.214212069238 0.251530707535 2
0.562179860542 0.351935031971 0
0.687946858091 0.010870691182 1
0.368162862689 0.957640859715 0
0.436134665205 0.332174079481 1
0.52279546642 0.488048022562 0
0.408666374996 0.247423828097 1
0.687089070085 0.014192293645 1
0.283873735463 0.739414805671 1
0.607220461172 0.327960605233 0
0.752819823955 0.148499024126 0
0.0517618496439 0.252337387384 0
0.487604631193 0.00193045449764 0
0.721384774838 0.628160993512 0
0.492971271861 0.718018558324 1
0.348177369141 0.588408451574 2
0.815975201303 0.594063583462 1
0.968050855315 0.926839543415 2
0.387867742534 0.984017976312 1
0.0261538250978 0.757992027832 1
0.940591972719 0.137449951058 1
0.124671663905 0.965230667891 0
0.270007359669 0.906825199094 2
0.55467183274 0.157564547514 1
0.228681685072 0.7841857587 1
0.226869969921 0.411271414895 0
0.794524289282 0.887362540969 0
0.946443927618 0.00312891612854 0
0.729385106077 0.150137855853 0
0.493264931545 0.221909373094 1
0.421485272889 0.659736718917 0
0.775929058015 0.645114009624 1
0.803128990726 0.391901922545 2
0.479957240549 0.957977049199 2
0.246943796339 0.937617185639 2
0.19171840198 0.80117648561 1
0.280881885537 0.986049321407 2
0.91190565038 0.325078596345 0
0.661895558748 0.172209093675 2
0.617162587334 0.289420484837 0
0.681506796146 0.215896326777 0
0.203891726042 0.397265581333 2
0.58594426296 0.976087675393 1
0.362006704501 0.835697248859 0
0.762864225564 0.907413910766 0
0.0267105490383 0.396553969055 1
0.0300220909405 0.383392525904 1
0.646135356311 0.635132784048 2
0.627399680505 0.44813380259 1
0.66320867923 0.406768296851 1
0.310954011872 0.183606088069 2
0.700467199407 0.7689226846 1
0.536201032742 0.247989696529 2
0.588249080265 0.632302958828 1
0.738483703694 0.811883002249 1
0.691852474726 0.279139680917 0
0.45617710364 0.186635197415 1
0.566797289531 0.576689264507 1
0.605992766848 0.966369669619 1
0.571221386843 0.427940677952 0
0.14763148226 0.175635950555 1
0.791565117326 0.308601842262 1
0.320530982612 0.788065874581 2
0.0360501929712 0.610422287268 1
0.905881058432 0.457913682528 1
0.882009793657 0.232117085942 2
0.0918564847412 0.416833993038 1
0.748869138423 0.834942604133 2
0.0939379568173 0.229527999497 1
0.972957015631 0.553232684141 2
0.601213658914 0.542021884963 1
0.999384384517 0.970156487527 0
0.255244412047 0.365131373745 0
0.22981593257 0.310843223302 2
0.574720157103 0.664920554014 2
0.305446530232 0.0797278100769 2
0.363242089378 0.82095314887 0
0.0407389484187 0.466964519343 1
0.531273692761 0.803720774761 2
0.782531699297 0.556406071554 0
0.310510272218 0.712576162555 2
0.131739176534 0.815814575453 0
0.862425156957 0.688986603463 2
0.137753226519 0.456240928193 2
0.343710956303 0.448358968014 1
0.2678235655 0.380058971633 0
0.532230197481 0.387444505621 2
0.86551635265 0.588586169418 1
0.624544757388 0.876545384211 0
0.394731163586 0.21997098088 0
0.210541433317 0.545304223094 0
0.376611155422 0.734988867469 0
0.00781030440415 0.815187252855 1
0.750388792786 0.961736492248 0
0.332869642727 0.205812103083 0
0.204439120619 0.728939221116 0
0.0627727202037 0.209078402276 0
0.668345531134 0.145479162369 2
0.571127244858 0.72505145584 2
0.263781938427 0.0587154775102 2
0.879909828938 0.470700047439 0
0.294388559986 0.427803789376 0
0.956728307943 0.138670171166 1
0.333901790287 0.964156515339 0
0.931924084292 0.919097156658 2
0.344253041097 0.951674267344 0
0.582826667787 0.302849590895 2
0.95441384176 0.405367301955 1
0.889988912565 0.653479706695 2
0.130149376724 0.925905925505 0
0.914477633917 0.171902719917 1
0.854492667672 0.871438240156 0
0.203346414765 0.883316982626 1
0.531412535984 0.917375545613 2
0.855389552024 0.928422933286 1
0.209333220047 0.641953254857 0
0.96196933159 0.19720969501 2
0.0760782814585 0.124785327774 0
0.138739261338 0.215911219839 1
0.863270783799 0.718746786412 2
0.196913651113 0.691810197402 0
0.291298688164 0.152155724513 2
0.577435081334 0.0623099825473 1
0.610455102277 0.987629020244 1
0.954589002813 0.587891932826 2
0.891055998216 0.912574171999 1
0.912806087386 0.851914254896 1
0.358073509653 0.693927092719 2
0.00605375911137 0.500113917697 1
0.144079924179 0.453650328781 2
0.7136914385 0.0989183951464 2
0.683036394302 0.303560898363 0
0.499267692074 0.361542905223 2
0.37157027549 0.839656494182 0
0.514222654839 0.908390569814 2
0.497201760997 0.690944246099 1
0.948539491348 0.373324868229 0
0.689222872985 0.526216310642 2
0.147377496502 0.340376548655 2
0.617342948818 0.118910589549 2
0.288923769126 0.257016955857 0
0.250880887868 0.627408393095 1
0.978638285693 0.719121647849 1
0.511698751929 0.850966939153 2
0.00609353151549 0.07074680502 0
0.114542252544 0.518602660733 2
0.575142669999 0.225793027325 2
0.900633247644 0.944170890016 2
0.198307698104 0.26173013468 2
0.8273377606 0.328440166352 2
0.130486998622 0.855315400823 0
0.971855322827 0.611993573315 0
0.667415750688 0.424551270871 1
0.0458486874508 0.629465763801 1
0.373685745853 0.408755664571 1
0.757129009314 0.592839286885 0
0.435300064111 0.043268739008 0
0.204745940612 0.148306687272 1
0.638585928807 0.310337837969 0
0.576436212685 0.294321106797 2
0.110348206969 0.980431802947 0
0.895861621916 0.538122540811 1
0.842811659877 0.366919990037 2
0.598706064048 0.0751880408141 1
0.20689059359 0.676690709908 0
0.215589133013 0.303567447794 2
0.432633039875 0.223773617379 1
0.258078701374 0.533084888686 0
0.960974093512 0.309392547008 0
0.217228832927 0.828382224738 1
0.377223870805 0.0856406369966 0
0.394418043537 0.286320018089 1
0.198176879921 0.905862902695 1
0.397883373487 0.12584542394 0
0.0129695829177 0.666011564793 1
0.521081205432 0.462972678348 0
0.233078321937 0.652423204252 1
0.641170870665 0.63660670009 2
0.798816048297 0.83793635368 2
0.927884955829 0.459097732727 1
0.215455332581 0.130904875776 1
0.561205886639 0.345785276897 2
0.446105323553 0.407385466568 2
0.327871573593 0.706825327536 2
0.234689073659 0.0156479195611 1
0.968964246176 0.814160454598 1
0.380690804068 0.320916086209 1
0.194938597127 0.492972330301 0
0.823126185874 0.800581984042 2
0.790546558268 0.6067999661 1
0.407747874512 0.213286022851 0
0.15077349925 0.914152547308 0
0.415184910328 0.555338773252 2
0.538884880894 0.91027824014 0
0.764679617234 0.235093302356 1
0.852324616211 0.222322640286 1
0.422701024259 0.917221963185 1
0.486934848949 0.667548211522 1
0.385982151755 0.717033127162 0
0.526410137167 0.0898680639521 1
0.428820026169 0.497707017192 2
0.904361848117 0.922656365606 2
0.127873912032 0.380364039982 1
0.478725405789 0.258606595809 1
0.499710664396 0.856627994221 2
0.19713238363 0.426507825579 2
0.641824249849 0.662787351337 2
0.733885141115 0.742250732895 1
0.0147469487184 0.791093175155 1
0.0575480455096 0.617684560807 1
0.113723721904 0.164459627993 1
0.787999894185 0.99776295175 1
0.639534757266 0.838865700086 0
0.733224939422 0.280162405935 1
0.928512233874 0.240755880479 2
0.95283152239 0.013383034299 0
0.286395785778 0.855479140652 2
0.392573719221 0.176579904059 0
0.417623074279 0.670761432478 0
0.894658877264 0.321431749555 2
0.544233096782 0.752447298134 2
0.895316847324 0.133727747762 1
0.66389739393 0.895761008408 1
0.3479915319 0.17309063734 0
0.769520829994 0.97556951949 0
0.572106160262 0.788150254113 2
0.667965191641 0.723507001309 0
0.375694981349 0.862144273784 0
0.253529451675 0.0695921657809 2
0.565121441404 0.667375889984 1
0.382822754965 0.169421480715 0
0.0681714954685 0.494043272138 1
0.224566905346 0.406723998113 0
0.383195742264 0.65619428146 2
0.964128375447 0.35992606371 0
0.0257402760339 0.628227053499 1
0.507960966752 0.730426481017 1
0.51799497011 0.384790824873 2
0.203549888523 0.524369357509 0
0.0987853348231 0.402795773488 1
0.0849532096556 0.173339423532 1
0.916007417325 0.583916717944 2
0.552839795903 0.00737061147511 0
0.558853595437 0.777892651167 2
0.224813701262 0.0843141808046 1
0.5973265883 0.317398433025 0
0.985449314141 0.14703465581 2
0.31548600036 0.00561521388128 2
0.754371920263 0.319676787239 1
0.661618076933 0.937146347839 1
0.910631311958 0.305159510025 2
0.20458081172 0.0918116224792 1
0.764775273489 0.886306811411 2
0.779881931914 0.083979942883 0
0.302208023596 0.499256627201 1
0.227666157397 0.869639222054 1
0.822210090174 0.211022272446 1
0.217997220616 0.00376612049618 1
0.453296851834 0.272794991431 1
0.0250883266477 0.842148815047 2
0.746042646162 0.236665534105 0
0.969440702751 0.735121340093 1
0.752995567761 0.714161451125 1
0.399033109473 0.560251492264 2
0.732160836228 0.654115445524 0
0.976300923069 0.954183208402 0
0.29431133866 0.364193151521 0
0.51295409752 0.0981459585236 1
0.20652622205 0.408971629968 2
0.822806863197 0.805119478464 0
0.164355509845 0.555744696915 2
0.160054628266 0.764858402934 0
0.572596860292 0.278689033585 2
0.951359122684 0.810379801544 1
0.763668667934 0.247923450113 1
0.454609675263 0.424491632686 2
0.924517193809 0.272529669379 2
0.697117233823 0.660889799078 0
0.669329882681 0.892052132252 1
0.527440735609 0.628927702993 1
0.111619949212 0.308174302234 1
0.46583220782 0.238937251019 1
0.539217439936 0.787953183926 2
0.705303416047 0.979600116845 2
0.581938373221 0.586892996216 1
0.760999506733 0.451726305753 2
0.0969314866508 0.190588879055 1
0.888086635835 0.145533028354 1
0.0350931169034 0.293757430176 0
0.710150266292 0.254984407007 0
0.938095688825 0.594353164784 2
0.96925171635 0.588307535873 2
0.199563318968 0.515045297713 0
0.755366226523 0.42545140337 2
0.612927868005 0.821444918754 0
0.796807005247 0.70836199391 1
0.98065202546 0.490356326825 2
0.742669076076 0.272341477533 1
0.59341781941 0.501849262255 1
0.916046111901 0.625272653986 2
0.0668144631304 0.8330148546 2
0.997651118466 0.701728976977 1
0.0498099164876 0.459642096836 1
0.066526167702 0.841258754705 2
0.431104776141 0.27269860345 1
0.608103150468 0.665134067002 2
0.276802730799 0.271405297437 0
0.806339815583 0.537703000002 0
0.783297321453 0.344926121027 2
0.0822194495978 0.493212649894 1
0.67772291087 0.91571713379 1
0.421848696685 0.521049294919 2
0.964780110775 0.386030056991 1
0.0194691254471 0.616966746045 1
0.316355650342 0.949304820086 0
0.208154938889 0.606374906161 0
0.234104839077 0.987430055718 2
0.361208167973 0.0915136298534 2
0.481786908314 0.358497376176 2
0.504589094011 0.59614466829 0
0.0417174770142 0.660523817473 1
0.196174773333 0.222743371971 2
0.593379118879 0.236979201956 2
0.277592954313 0.32498811704 0
0.941761248477 0.454950016559 1
0.0383516044161 0.187315751702 0
0.053901104534 0.608311700483 1
0.614932829162 0.81127567484 0
0.0935682966356 0.98681862253 0
0.154910694611 0.211342732499 1
0.562599197999 0.234568590284 2
0.499560996411 0.475863139701 0
0.358852109218 0.461992424889 1
0.740919288683 0.1546144612 0
0.80306402155 0.079113870127 0
0.334093641359 0.217532707359 0
0.883883884675 0.657600588562 2
0.00724136244151 0.1630112886 0
0.927704838388 0.750735193092 0
0.189168085133 0.743153695429 0
0.958499230032 0.652654142936 0
0.14671197946 0.647665116551 2
0.121025005038 0.879456879326 0
0.457609618935 0.580110203555 0
0.622972780713 0.407120762567 0
0.100030643705 0.279585334064 1
0.540021920318 0.478507750846 0
0.0623575979677 0.949069089429 2
0.067773065159 0.705988643611 2
0.257482206499 0.212800508607 2
0.684794421679 0.544193239507 2
0.171321939102 0.0543497520367 1
0.31830594984 0.319007730006 0
0.602869434974 0.182374340437 2
0.159298359002 0.554549691894 2
0.538158881208 0.722514475691 1
0.630065811799 0.382803388411 0
0.800727642341 0.977530735289 1
0.644061794696 0.273867898462 0
0.757332820741 0.936813748634 0
0.105369448617 0.648195997586 2
0.451819159277 0.709998254022 0
0.512121040914 0.644606091509 1
0.848576145575 0.511420278009 1
0.043510147569 0.843049881822 2
0.434328891539 0.811139733075 1
0.283817484062 0.696258900578 1
0.963922440921 0.735794572519 1
0.68610895375 0.544014559563 2
0.159583729312 0.825715214195 0
0.523929356094 0.0672573204868 1
0.555507680517 0.690244602291 1
0.897710452605 0.936902536362 2
0.988508225408 0.261204347013 0
0.425819126444 0.276358450305 1
0.789245981865 0.366355739041 2
0.845641983745 0.339109348802 2
0.548917187964 0.0339170969407 1
0.319239321019 0.156712309616 2
0.898910768215 0.069904061379 0
0.0713904112605 0.433583855266 1
0.320524998459 0.42873321842 1
0.776390699377 0.0882230440271 0
0.753084221495 0.530950241353 0
0.506139797751 0.443553552099 0
0.164252518787 0.836634751184 0
0.674977478732 0.370774009262 1
0.170511537318 0.117236657975 1
0.494197626715 0.126700286646 1
0.763526045073 0.997549978938 0
0.58668455463 0.594145979178 1
0.804622440468 0.379248408909 2
0.298306763116 0.968148321375 0
0.752282240932 0.367241829869 1
0.787261961297 0.492699105865 0
0.64361612909 0.783570189555 0
0.717934005301 0.309214867712 1
0.559317127765 0.451380729652 0
0.200384054077 0.341298815401 2
0.582291815096 0.444074467499 0
0.128096209786 0.67045333959 2
0.714223809797 0.869556216098 2
0.867841409577 0.240405277531 2
0.133273784985 0.579950694593 2
0.375364734327 0.384746457358 1
0.535784104252 0.0604752896633 1
0.071437038675 0.772323262842 2
0.725640210747 0.754215727762 1
0.0115308568686 0.486358237461 1
0.976566193092 0.020913907511 1
0.363138540724 0.8546509304 0
0.102164095688 0.697204708759 2
0.553183609969 0.111124024445 1
0.282730482836 0.132834937202 2
0.30316241185 0.139424443299 2
0.46509878744 0.917743244455 2
0.592979183887 0.881734992981 0
0.843008071676 0.52629140327 1
0.5640214037 0.346670187038 0
0.174982583938 0.79297582316 0
0.825476621395 0.454229564189 0
0.21894276913 0.883381365818 1
0.634779801193 0.604616270741 2
0.162116808792 0.994239715779 1
0.527337185753 0.574139159554 0
0.457478985768 0.131665224322 0
0.685790847744 0.362483581383 1
0.310642347395 0.901166618173 2
0.0552179765593 0.806914371805 2
0.201332636345 0.274587111182 2
0.256604828452 0.325622167304 0
0.799211925609 0.208192827212 1
0.485478780624 0.301543270929 2
0.880295938153 0.202206374864 1
0.80696875812 0.410068640485 2
0.902400690629 0.500404816475 1
0.738232977368 0.0533713156143 2
0.647005473017 0.639050326732 2
0.68229992972 0.0914856896374 2
0.574939322396 0.391974515672 0
0.105866707034 0.29301810998 1
0.572436837701 0.25142216534 2
0.291545248588 0.944141440732 2
0.313964823295 0.458246026961 1
0.620317405219 0.455372655784 1
0.0579295540759 0.389375109414 1
0.01204443716 0.598505288784 1
0.258045203037 0.670866815062 1
0.105839102182 0.783390981195 2
0.890197991589 0.159595163645 1
0.876874949987 0.411897318132 0
0.500316470875 0.10908872485 1
0.122576812295 0.0659599859232 1
0.464757230654 0.282928060857 1
0.547846095153 0.505172154091 0
0.186896074104 0.545293772079 0
0.745619687854 0.398284917715 2
0.087476353374 0.5670596072 2
0.671860744476 0.31946486676 0
0.375150737344 0.0763431568752 2
0.690335817232 0.140645956546 2
0.404054219151 0.0768572775346 0
0.969666693047 0.902364983233 2
0.513323149839 0.957943603789 2
0.50284003327 0.476845724932 0
0.0421677577374 0.41229062202 1
0.189332729338 0.701566451887 0
0.511310922212 0.0605725200367 0
0.181772526719 0.422936660463 2
0.62432039824 0.765638721068 0
0.713261361014 0.890942577139 2
0.204389533628 0.869514243282 1
0.350989957863 0.201837321007 0
0.271768696702 0.467405886009 0
0.132943975531 0.142888494901 1
0.974091565165 0.79874460092 1
0.0900867601432 0.612915161005 2
0.426860748661 0.415328166852 2
0.0664379110826 0.380800793314 1
0.173068038425 0.0828785062662 1
0.463116864644 0.665635998137 0
0.734571541478 0.047143951606 2
0.262221163173 0.0107383886834 1
0.332084659805 0.933236159556 0
0.913382414013 0.505861006555 1
0.842920631873 0.704068366405 2
0.950100960651 0.124217286876 1
0.528325607961 0.685828769967 1
0.672543112893 0.996643248658 2
0.507419967321 0.784488348065 1
0.712538424979 0.919005448001 2
0.284597353019 0.418195916163 0
0.392628595762 0.337351265079 1
0.875880663933 0.633339579552 2
0.627598802889 0.664081676561 2
0.457020514884 0.806527539319 1
0.00763075818473 0.876776929023 1
0.0676464740899 0.792295230372 2
0.570873076666 0.959502568971 0
0.466604668793 0.486389044464 2
0.672320197219 0.804631215355 1
0.0301878123263 0.38090458212 1
0.817776703702 0.735002298948 2
0.237136777546 0.918190771619 2
0.144355127169 0.943585426373 0
0.510165913441 0.486865871974 0
0.560383879953 0.0839628315101 1
0.36449613137 0.574960596142 2
0.817296177388 0.0912503946601 0
0.197257420392 0.876115993029 1
0.818763877371 0.124376261503 0
0.756330731824 0.508879119814 0
0.369548244604 0.00783458559925 2
0.608191852598 0.02379209705 1
0.827831246694 0.244396727565 1
0.327458173271 0.404855777753 1
0.301334446339 0.76218404203 2
0.470130727002 0.317572005278 1
0.942605987242 0.232771815649 2
0.277011729098 0.697069444733 1
0.229420504258 0.456880188686 0
0.36182139879 0.147282286244 0
0.00471284069762 0.00331121740594 0
0.41367750062 0.0269067097689 0
0.257062852598 0.575295161383 0
0.861202750783 0.21021258053 1
0.202284628054 0.415435149787 2
0.0154864732857 0.417257220708 0
0.845924712529 0.00812411205457 2
0.92122093484 0.832942475095 1
0.914504587988 0.756896069405 0
0.646273016997 0.198702381483 2
0.781604974387 0.283153671831 1
0.303100631764 0.117886251235 2
0.776061032729 0.322678386612 1
0.264611847457 0.462461366653 0
0.015145653986 0.965712034078 2
0.631860600991 0.473140178314 1
0.230158992215 0.748407466804 1
0.127195471939 0.82566942265 0
0.176286189481 0.712291062598 0
0.647632715325 0.0241169350978 1
0.209813448213 0.366226174352 2
0.389047336577 0.450841694533 1
0.595944867588 0.285845618364 2
0.877416822538 0.876327615776 1
0.686656354253 0.264640992727 0
0.669998135254 0.247569233771 0
0.593561698972 0.998274918192 1
0.690944708113 0.991964873326 2
0.880068181362 0.0356567026595 0
0.39747004478 0.655432579742 2
0.459021732179 0.106024427192 0
0.675399712755 0.287885582874 0
0.564006631922 0.363812177764 0
0.453918769829 0.532181412229 2
0.773681221527 0.0437845680633 2
0.39063474142 0.081322379769 0
0.768887997427 0.390817591288 2
0.334198709289 0.169555569554 0
0.49278251821 0.771091701666 1
0.684394938152 0.721942367957 0
0.684973691569 0.980749833638 2
0.909222858639 0.859847279645 1
0.415397645443 0.765683016384 0
0.234836905008 0.0690473513805 1
0.119212081922 0.674065348048 2
0.488559068747 0.216077438857 1
0.96286859267 0.814921495119 1
0.440976878064 0.944931366728 1
0.666206712214 0.355786257588 1
0.598925229275 0.0521057269917 1
0.322607634402 0.38929902042 0
0.557414496757 0.303995215514 2
0.272998202925 0.241226366191 2
0.229913076819 0.17087778329 2
0.441730347898 0.393785794498 2
0.216429225537 0.564400817937 0
0.173974559432 0.138396684727 1
0.092313206773 0.114101499301 0
0.703675295353 0.550490862433 2
0.285367461907 0.792591875695 2
0.719353248109 0.0376116604682 2
0.36694679822 0.85884128963 0
0.958316367825 0.800246346624 1
0.681631812206 0.564053825731 2
0.860093084776 0.802535072035 0
0.545305119085 0.642311245903 1
0.78831896328 0.654403886019 1
0.361263420084 0.873426595671 0
0.609436134573 0.608905249129 2
0.780058246054 0.721515411626 1
0.736734530673 0.939649641528 2
0.750297508746 0.857962649347 2
0.746968093468 0.582307671335 0
0.912373114961 0.787988894738 0
0.347635327211 0.192453582566 0
0.699657466052 0.00835624679256 1
0.0105164496237 0.693022243386 1
0.782873636761 0.941023488083 0
0.545627474876 0.371459643686 2
0.327470437622 0.195996834535 0
0.473469622377 0.963636917828 2
0.483925130883 0.738334016236 1
0.215891769217 0.0847568602163 1
0.830405010794 0.393361850472 2
0.0928232491002 0.154192876166 1
0.048782649107 0.900240073794 2
0.791820148926 0.951429549898 0
0.478387916455 0.453855634473 2
0.388878387879 0.109110917551 0
0.688206069679 0.144589125828 2
0.0108402529124 0.529458767747 1
0.813083195923 0.532882830442 0
0.77765043127 0.319615230672 1
0.130789483738 0.221444305338 1
0.597464007043 0.350270330708 0
0.29196953968 0.269471311253 0
0.968060275186 0.203755455427 2
0.951071332105 0.192898398754 2
0.460378253814 0.764208602549 1
0.396701216348 0.544328477571 2
0.155200101701 0.926635726457 0
0.0907864356191 0.0145406254033 0
0.982561758667 0.916497561661 0
0.15736407073 0.243763073206 1
0.916194843244 0.935226905235 2
0.950445376212 0.792627232985 1
0.285859261188 0.20891152409 2
0.461604626979 0.810902148476 1
0.545258268124 0.487920454224 0
0.504290650486 0.927524806565 2
0.184129946851 0.695002785786 0
0.0374918984223 0.168782130395 0
0.732967734097 0.670624132753 0
0.222553453148 0.141960351784 2
0.417914152411 0.886416103908 1
0.483908680621 0.555571716462 0
0.00581585276512 0.299516358743 0
0.420745477944 0.723024276336 0
0.799773573061 0.42141577554 2
0.77519111832 0.60964338809 0
0.0106262817568 0.375510371026 0
0.960369664535 0.0345684420798 1
0.631064937323 0.0400312987573 1
0.441990473425 0.213273596649 1
0.728068166494 0.804935395233 1
0.0400117443354 0.740494927402 1
0.0137701451329 0.380621367239 0
0.726478647123 0.141616917171 0
0.935018530131 0.421520437787 1
0.927542219454 0.622921686753 2
0.91887400801 0.362785701764 0
0.441453060595 0.944567592702 1
0.109552342385 0.684529206642 2
0.0302488006368 0.781778313515 1
0.867765986718 0.858056364612 1
0.0791722207592 0.369058414088 1
0.0363544588853 0.908559987418 2
0.236497986497 0.623107883931 0
0.11799265691 0.789981326063 0
0.0493402660475 0.313292352516 1
0.939620354252 0.145003565496 1
0.0333617738076 0.933940203988 2
0.0238243473019 0.487082507157 1
0.349197978263 0.484507438206 1
0.0521830642543 0.206992111413 0
0.323303969247 0.952668677719 0
0.677594075873 0.184001930059 2
0.514620262147 0.0403966155123 0
0.645246115689 0.757682197486 0
0.597580223663 0.625222351538 2
0.178874612664 0.320306881275 2
0.637174393385 0.406904523222 1
0.745282421074 0.445450142733 2
0.387271907628 0.84803019867 0
0.0595431711864 0.63026639044 1
0.340824995105 0.532136093834 1
0.813554795787 0.87540356818 0
0.0471825083544 0.0668389243372 0
0.787263437782 0.983503904608 0
0.770212460484 0.505991160377 0
0.402497854576 0.542094041264 2
0.691580340468 0.249508227126 0
0.914804824831 0.577372547666 2
0.0651417840932 0.916456990099 2
0.0704891814128 0.9419119028 2
0.507899832676 0.341158935628 2
0.953796232204 0.0312381681888 0
0.620542943541 0.570148661248 1
0.903638227038 0.092534013089 1
0.713276357331 0.0770009895372 2
0.240572089909 0.62732911894 0
0.891975179054 0.184778018059 1
0.462671099903 0.338571990957 2
0.661326849544 0.112478211884 2
0.356678996357 0.523127656333 1
0.930205949306 0.851350376663 1
0.0343585613769 0.93812529592 2
0.964954447494 0.142780121962 2
0.407848835952 0.73165852718 0
0.357826177367 0.745637298182 2
0.765715510102 0.230321193354 1
0.996890459033 0.983308598768 0
0.293861790684 0.458098233955 0
0.554950732689 0.431044882644 0
0.172262087096 0.0713768361077 1
0.923640158253 0.613623301235 2
0.547397270345 0.637506541595 1
0.117941593397 0.111586608901 1
0.675685274167 0.0131167176602 1
0.330197771039 0.993672725992 0
0.97577867437 0.890252302186 2
0.23481698018 0.062109212873 1
0.94329372613 0.474297202808 1
0.176991090596 0.454062469482 2
0.7278190366 0.888628530546 2
0.780407127921 0.755927833199 2
0.55680325032 0.509467632255 0
0.512779405977 0.636772787235 1
0.481767679462 0.448099855449 2
0.501026470791 0.309369056582 2
0.818778152513 0.870496953811 0
0.566063878991 0.995465620394 0
0.755717577763 0.325089639401 1
0.178330992381 0.482142251894 2
0.841300601215 0.947810505787 1
0.0687285452204 0.855056473615 2
0.36040585019 0.724135656441 2
0.796525276181 0.45587721823 0
0.290117925456 0.130603743911 2
0.307577936275 0.0372678382045 2
0.379959442465 0.707249108242 2
0.571190790424 0.690105783116 2
0.377911143403 0.843257782149 0
0.20678429707 0.395537114389 2
0.80038702355 0.958929802821 0
0.0790952771962 0.64302721753 2
0.66156561227 0.429912731187 1
0.825537003828 0.209921548342 1
0.828763110056 0.803228484128 0
0.94332326125 0.0290637473815 0
0.807250150906 0.0986903058717 0
0.488760796307 0.346032574697 2
0.183559598618 0.76945352316 0
0.0152815810335 0.939559139248 2
0.15430186754 0.281635894826 1
0.209403848527 0.130803659167 1
0.996832021268 0.685027566739 1
0.923722616181 0.303808194558 0
0.999130776408 0.29949732827 0
0.430472675586 0.759766198633 0
0.276254655874 0.483808761296 0
0.766468318144 0.241124863805 1
0.227797089837 0.661112583814 0
0.73866669653 0.377871589756 1
0.937449584705 0.823006401492 1
0.753932207304 0.149220864212 0
0.43870922307 0.36991591733 1
0.371585150484 0.90860941616 0
0.294928192984 0.149700458366 2
0.985425690293 0.224813775934 2
0.891554938263 0.981279338174 2
0.128154152683 0.148826360502 1
0.681544751582 0.535360402689 2
0.604802753551 0.226189204669 2
0.653936758104 0.683345663168 0
0.524866345297 0.761125619393 1
0.178116846399 0.365003421179 2
0.737393587241 0.894057835162 2
0.194453644406 0.0794045270123 1
0.295795228998 0.564318347662 1
0.123616935741 0.683336513375 2
0.282081569563 0.151628983588 2
0.561886620982 0.160663733076 1
0.016122842146 0.381386490574 0
0.533071596192 0.183112351896 1
0.0433993194662 0.149117889983 0
0.525012718742 0.186401860806 1
0.64339266707 0.940794749166 1
0.0649456970438 0.145275818921 0
0.894297228105 0.819113031974 1
0.883697283119 0.620421291851 2
0.142692493241 0.0504652296124 1
0.744721618324 0.435120101776 2
0.304826266407 0.883440287121 2
0.865110385155 0.291203546317 2
0.34145461557 0.412769341882 1
0.887476976731 0.796190109116 0
0.909670056228 0.361535416181 0
0.547067187803 0.831198219018 2
0.573683384963 0.705280415015 2
0.805731993618 0.106375476781 0
0.767741311671 0.505689741586 0
0.422479599832 0.37742010166 1
0.171695855255 0.765812463305 0
0.490957677171 0.843965215599 2
0.0499393453041 0.244654190057 0
0.46395028772 0.710796255463 0
0.546303975605 0.65358626011 1
0.235545078532 0.343975760653 2
0.508935023269 0.7675179302 1
0.937039197113 0.833405036464 1
0.32239523337 0.601314371779 1
0.113718661538 0.826633768339 0
0.619901116127 0.587266022736 2
0.0767370871336 0.980999478663 0
0.446686317706 0.49857620987 2
0.912860763413 0.478164705606 1
0.600081273162 0.879713991612 0
0.890992268684 0.691883855268 2
0.221226693198 0.698765827456 1
0.973005700839 0.207046063992 2
0.833547075902 0.10955724319 0
0.704933903204 0.0582660941809 2
0.79627185773 0.105397831423 0
0.0182926069361 0.0280905222262 0
0.538132193147 0.415448722747 0
0.807683348098 0.888641165893 0
0.545596459705 0.784892001747 2
0.230735220727 0.423668863927 0
0.353237565112 0.423255400134 1
0.309048374214 0.759926854221 2
0.313869167696 0.564792039907 1
0.509770567969 0.979722739119 0
0.760834037657 0.187059707687 0
0.0307832033628 0.488750459118 1
0.340046113815 0.543425597978 1
0.0655251907667 0.430686588554 1
0.72084159357 0.143269832272 0
0.0688686762798 0.150128393928 0
0.209987571599 0.683259842958 0
0.481076679102 0.26989676707 1
0.75990729348 0.43598794756 2
0.323381203384 0.874880717816 2
0.272883438659 0.576634932701 1
0.689842088265 0.704612176693 0
0.559764912904 0.0211356051087 1
0.90827452183 0.624758996427 2
0.234786866156 0.909152694189 1
0.986901268413 0.381877410247 1
0.855350558125 0.189958417492 1
0.652402662689 0.0825772806437 2
0.662057355857 0.683668887634 0
0.253216511712 0.484713375732 0
0.233276287755 0.372591025526 2
0.52566655779 0.739411799182 1
0.519393001376 0.0324400631519 0
0.250978056045 0.809516999961 1
0.685541633562 0.851711635376 1
0.236715734775 0.499610488805 0
0.906382495657 0.700340207321 0
0.322650126379 0.156605877896 2
0.940650947235 0.167875463547 2
0.312883570892 0.854404043986 2
0.861814701092 0.966833026647 1
0.759225384732 0.0692997463153 2
0.685060275093 0.957328232788 2
0.0053136649287 0.297988350455 0
0.381662099742 0.977606511827 1
0.676070440887 0.661732921993 0
0.165383831139 0.406455581619 2
0.192011932058 0.555504526001 0
0.577333030521 0.205924353256 2
0.612709878116 0.284556666952 0
0.376817420043 0.442345878093 1
0.399962090122 0.167966657094 0
0.0882759161164 0.909350889199 2
0.196149193024 0.49342581089 0
0.643264815973 0.452951745271 1
0.147404529263 0.966529163883 0
0.541272943546 0.803707488777 2
0.195283978895 0.937341311816 1
0.35097536189 0.726472002032 2
0.972302643839 0.664817717461 0
0.106379543696 0.748871512423 2
0.599080241105 0.343443892214 0
0.241531452281 0.0816966037323 1
0.469903317419 0.732226050252 1
0.0278725603356 0.486441481805 1
0.572663550805 0.444961038325 0
0.141698668745 0.140668028058 1
0.593640328763 0.397337917864 0
0.43149019273 0.367643926119 1
0.929811031213 0.0454593500007 0
0.434200939064 0.0587631718935 0
0.940083285644 0.277601706325 2
0.121303086195 0.436672633137 2
0.80897921755 0.302645372385 1
0.903875204618 0.877279795293 1
0.0130621157657 0.805582931251 1
0.267268309294 0.122595669338 2
0.440228620004 0.37277165479 1
0.789607030325 0.956978964937 0
0.300995988477 0.94440320528 2
0.912592828657 0.549121846677 1
0.340855946752 0.488146976178 1
0.113580508803 0.5951973287 2
0.828443168826 0.650658176494 1
0.148184455545 0.713354592974 0
0.195468301476 0.0757314954705 1
0.949304285986 0.936139642697 2
0.93754902736 0.923833625384 2
0.576389515648 0.0553238474219 1
0.322619997266 0.870807172674 2
0.187714895805 0.215241372572 2
0.406891321959 0.4094596045 1
0.562815222868 0.361865006382 0
0.101405913177 0.40523943652 1
0.561329125979 0.320359861069 2
0.431234515 0.443235994833 2
0.811771514371 0.489680253474 0
0.419092346793 0.524063172913 2
0.305371205192 0.088458172421 2
0.778634077018 0.312145024951 1
0.828565588547 0.306777285337 2
0.420397895885 0.263201402917 1
0.211281796152 0.804811598547 1
0.408433125881 0.521014591512 2
0.597718457394 0.793428319904 0
0.470976403628 0.12534380126 0
0.748606282566 0.952741389243 0
0.943399286978 0.862791020959 2
0.892945139218 0.841997359123 1
0.773157288129 0.065849534354 2
0.868692073997 0.976603486133 1
0.368126354445 0.0694050481263 2
0.29824669896 0.13515847247 2
0.42707934791 0.80347567065 0
0.554619679309 0.0850328394779 1
0.929545327776 0.92861414337 2
0.322861312253 0.453226236786 1
0.566099015111 0.542118996539 1
0.625440825355 0.337861036378 0
0.302884282108 0.303631964614 0
0.0295278166847 0.620476809387 1
0.111153723278 0.978427266265 0
0.655851110951 0.648659450394 2
0.684262245452 0.754742005559 0
0.835967602175 0.229560090915 1
0.745045915166 0.597306279507 0
0.382814308988 0.764093796959 0
0.844735062217 0.0383114754384 0
0.506453195984 0.265164307176 2
0.149708712173 0.261023565902 1
0.7218069799 0.58864367942 0
0.85882247573 0.767205220854 0
0.385203286848 0.701346405809 2
0.284170909577 0.00279098471855 2
0.270807202167 0.043835255412 2
0.26046219449 0.132542057623 2
0.35306261298 0.530993342934 1
0.0737390409144 0.192913305683 1
0.611866743516 0.521955107308 1
0.471606718885 0.923613973022 2
0.263472859259 0.0994844758081 2
0.10048016522 0.989696926477 0
0.739459112245 0.799773112254 1
0.180614080757 0.37515594856 2
0.834379853106 0.920932200403 1
0.123238019083 0.810139712892 0
0.50554862982 0.24630482461 1
0.588649471816 0.931188269884 0
0.358238453134 0.62136003642 2
0.140628434321 0.617148107074 2
0.868996376759 0.327726171059 2
0.504913393293 0.582475077026 0
0.467341298661 0.900968922325 2
0.0505238083584 0.79221549573 2
0.952897011853 0.344132348393 0
0.127072352126 0.470360862847 2
0.131099636699 0.904420344718 0
0.0265912801627 0.180848813782 0
0.328944670389 0.581641808445 1
0.907568212683 0.359405303038 0
0.525469888555 0.053151190075 0
0.294736071289 0.207760107667 2
0.0576062248187 0.0754917147393 0
0.651911441975 0.788303127898 0
0.341454214728 0.286364535356 0
0.684650424014 0.573145629008 2
0.345792988296 0.435425675082 1
0.880903566205 0.335086005894 2
0.883047908659 0.710549630204 2
0.761069777706 0.775092808313 2
0.687650478068 0.18022749995 0
0.606933797263 0.971052683284 1
0.685643897483 0.964838778231 2
0.771011392769 0.766562329267 2
0.801395029143 0.00778117150344 2
0.855540184657 0.535111854912 1
0.720761688673 0.723359258498 1
0.00869568494746 0.749705569331 1
0.98477905034 0.311134014968 0
0.188925148788 0.878434014208 1
0.522417882216 0.669671005387 1
0.363621738456 0.898093708119 0
0.206045271589 0.606672710423 0
0.957218591887 0.477608741053 1
0.449141417282 0.474677448649 2
0.124341415071 0.770395390761 0
0.927145168005 0.395175976933 0
0.350753181794 0.728861144968 2
0.346048625183 0.943019892316 0
0.821498690844 0.82649216023 0
0.148620486594 0.268178978069 1
0.39634032409 0.902609100129 1
0.0609561310676 0.233260177291 0
0.880527097662 0.440764191172 0
0.952391818698 0.916804939624 2
0.0567440494623 0.751445373469 2
0.778540701396 0.433954138272 2
0.0735599298642 0.872732592623 2
0.221523695007 0.308733458249 2
0.88195472867 0.0713096436806 0
0.217223106911 0.511190932856 0
0.63864156018 0.48069594915 1
0.886519529363 0.3032415596 2
0.127175988696 0.421237389279 2
0.710102727233 0.33612081949 1
0.0202426185136 0.179094670435 0
0.679086720514 0.734008717782 0
0.369886346358 0.173050123714 0
0.108723314349 0.132351708665 1
0.342437834012 0.0982731970849 2
0.271210053062 0.569365975914 1
0.384203610649 0.174403611082 0
0.350365086264 0.40748568182 1
0.390272614368 0.739267098838 0
0.78379296753 0.965151794438 0
0.00862210684212 0.680369247876 1
0.524574118864 0.0491072565491 0
0.944645816399 0.841768873215 1
0.596443732906 0.907949182488 0
0.199635813642 0.922250594789 1
0.493030761057 0.795647375646 1
0.905009723724 0.768110340411 0
0.493753841826 0.88871091001 2
0.491531306114 0.94620523691 2
0.48316373971 0.251360252261 1
0.0536222327484 0.732953192462 2
0.602607232673 0.860030814476 0
0.29511258127 0.0890810892518 2
0.918875096118 0.516347638287 1
0.300592296477 0.636214564047 1
0.200805670965 0.826598916496 1
0.985258996624 0.353824654234 1
0.31691139113 0.726536869357 2
0.677664771869 0.143921012565 2
0.326548554529 0.264241615611 0
0.163131579736 0.136350693793 1
0.563117832336 0.620123804681 1
0.426403150293 0.998146278627 1
0.903430441532 0.194476853628 1
0.173665363249 0.881636978628 1
0.409692307227 0.532248430273 2
0.726922541032 0.781976695876 1
0.696784052083 0.384762686128 1
0.0658006566501 0.733989652756 2
0.707718658775 0.838152350628 1
0.0939242107063 0.363835084808 1
0.89346198216 0.680588541684 2
0.905617404734 0.355905992871 0
0.311035660247 0.706148713429 2
0.302467103553 0.363249619674 0
0.415561521736 0.860544307186 1
0.182060391759 0.954563540766 1
0.955964362963 0.954518555713 2
0.0331266655075 0.833793426003 2
0.340555372329 0.339041705651 0
0.918744997374 0.60777721958 2
0.348816005068 0.653020822235 2
0.184721743985 0.63728065759 0
0.981398738094 0.672668985713 0
0.706944845974 0.187213467234 0
0.671767137455 0.0800943982467 2
0.694681539961 0.73297751883 0
0.760295320609 0.858431349821 2
0.276920981866 0.60871384905 1
0.746070335641 0.854136617472 2
0.468400618598 0.887732433998 1
0.879590707862 0.384449953161 0
0.470839358447 0.464423338891 2
0.110817631859 0.687661900926 2
0.158075649665 0.717579859217 0
0.755914629203 0.662868567767 1
0.828860604787 0.573810751709 1
0.485310074048 0.834590350387 1
0.540426025736 0.499466019147 0
0.787786421069 0.20484548197 1
0.645717724431 0.168946847325 2
0.61352456741 0.900640902161 0
0.232540961844 0.0183203316776 1
0.264464801935 0.942669951766 2
0.765628997752 0.795550280929 2
0.130783392724 0.352208296214 1
0.0955021656469 0.956282920965 0
0.843308979382 0.446202274279 0
0.0324270355573 0.13837995904 0
0.0893406762335 0.479425538596 1
0.531129453979 0.832457145791 2
0.450651352383 0.797098851102 1
0.0426621796596 0.709498123297 1
0.354642648167 0.790192386595 0
0.774784868766 0.293233999574 1
0.49285118764 0.308516602117 2
0.83950375207 0.22800950553 1
0.427183721997 0.69190267607 0
0.242075366827 0.117811372953 2
0.126667291808 0.715121480044 2
0.451681424331 0.195208706425 1
0.185880476454 0.903465436321 1
0.323636961224 0.345863527602 0
0.42782988594 0.893644714221 1
0.383647328453 0.238585711209 0
0.118803174135 0.19457762328 1
0.224232315165 0.239711129778 2
0.67960602847 0.582864873586 2
0.204444177309 0.223748783335 2
0.346790871399 0.565560619976 1
0.487408295237 0.25379593746 1
0.360564455683 0.481600723315 1
0.15844042793 0.866928551585 0
0.351803710387 0.599042190233 2
0.222524230243 0.993742721746 2
0.727735670207 0.598942457892 0
0.4342853528 0.366554037989 1
0.398223759175 0.845445978911 0
0.81504528527 0.327799387294 2
0.0554658735073 0.834399906608 2
0.218273622527 0.433830994482 0
0.928338345708 0.819624519537 1
0.60361055969 0.57325567791 1
0.38023365029 0.365498689702 1
0.634640758726 0.88232342681 1
0.849861048618 0.222206131769 1
0.907032106738 0.264669200077 2
0.362931768058 0.804045627804 0
0.0202087545206 0.437130581827 1
0.11538558903 0.765317297572 2
0.92218703529 0.684892284944 0
0.403995917566 0.506049857923 2
0.899732042266 0.202372018516 1
0.815765545817 0.178373968631 1
0.469879687146 0.532644352752 0
0.629333545209 0.562521292182 2
0.905841501624 0.925644677362 2
0.0797210275679 0.229647213712 1
0.82986218608 0.700680214371 2
0.332951343965 0.00673347932074 2
0.0174332903472 0.537302996704 1
0.671185272302 0.470384079441 1
0.516746912738 0.416656270936 2
0.30686877624 0.251544589758 0
0.996655127269 0.0624682812584 1
0.092892040793 0.249809744704 1
0.936792251663 0.0429651584611 0
0.778885240866 0.95423744904 0
0.323252193545 0.797901126729 2
0.718275461981 0.927608076589 2
0.984802269668 0.716016764785 1
0.0743514405982 0.882289969887 2
0.30297135952 0.947285612195 0
0.448037406197 0.981079491103 2
0.892888818173 0.852457996918 1
0.899917990803 0.465717910728 1
0.0663443610887 0.0241159161551 0
0.231832405221 0.928883393795 1
0.685606754164 0.179127897212 0
0.626661322942 0.725255631916 0
0.841271609827 0.608455704419 1
0.884110670649 0.740001494684 0
0.191029987694 0.418867616871 2
0.717064840284 0.325776802824 1
0.311311502406 0.724212049678 2
0.901341111078 0.387667251472 0
0.77256947729 0.798630054775 2
0.557955930296 0.34800155451 2
0.744495285735 0.808520180688 2
0.279001763936 0.341378547574 0
0.417938823363 0.705028235 0
0.718412850739 0.132776547044 2
0.932243410415 0.525829808683 2
0.0101231880343 0.431482964984 0
0.229400156091 0.968702874196 2
0.189920451202 0.172026091962 1
0.0974572640483 0.989449833702 0
0.573323835981 0.0415615140988 1
0.535235046477 0.794970368232 2
0.493892511785 0.216424032923 1
0.259606253096 0.28178284988 2
0.872755689008 0.337421161817 2
0.185097070981 0.0606654585695 1
0.855135429319 0.0842552304584 0
0.149652514796 0.0158178531937 1
0.85449331889 0.575262998842 1
0.257119192668 0.73432634041 1
0.480426812762 0.161015234584 1
0.848219275551 0.174863405461 1
0.448173012963 0.954752779506 2
0.766768115064 0.54528116895 0
0.601665520924 0.545680634283 1
0.967777344708 0.00951718386143 0
0.172989861293 0.937607659757 1
0.319857393541 0.624048095011 1
0.559617976676 0.0943433500935 1
0.552684397287 0.195266572195 2
0.496444402776 0.359576723359 2
0.874998038014 0.999303315919 2
0.447888350462 0.340482071127 1
0.346654448424 0.758665992376 2
0.791998528326 0.451633780205 2
0.339031643427 0.83523401966 0
0.808174780243 0.764209310241 2
0.404556964812 0.963076220429 1
0.470280439967 0.0885731744343 0
0.692316125441 0.596691796869 2
0.391258981159 0.655377092049 2
0.890248496841 0.0657558244119 0
0.786814779607 0.875690874888 0
0.958859276276 0.375771903643 0
0.775693337486 0.428346552856 2
0.39198766877 0.391277727236 1
0.599116013549 0.792358643121 0
0.0756714121202 0.630974854731 2
0.552414720205 0.318881475886 2
0.591518338996 0.715344430491 2
0.372671844729 0.663650799737 2
0.756938062701 0.797068594821 2
0.124572472162 0.0666827182722 1
0.293246111522 0.608021244975 1
0.964997550226 0.416270467886 1
0.392468318818 0.888551945026 0
0.488566749067 0.0610691042712 0
0.62357594751 0.132695223074 2
0.267262001134 0.461339267076 0
0.00901121431094 0.601966610315 1
0.916197020937 0.797445393901 1
0.185634975235 0.444143986604 2
0.859920372562 0.309621762514 2
0.12565210954 0.459250130319 2
0.807777306378 0.646346565776 1
0.140292293871 0.587906233636 2
0.12795510815 0.354521665787 1
0.151463123617 0.158232270985 1
0.642566413581 0.0824674672166 2
0.472153041442 0.411928975305 2
0.956973188483 0.268830212318 0
0.382217742293 0.526888760885 2
0.255346419609 0.99847992704 2
0.792978578886 0.216018340202 1
0.425648529522 0.19880972273 0
0.349833492486 0.200738425621 0
0.635605420655 0.177653509024 2
0.314118850371 0.78860556434 2
0.714245665137 0.266201039075 0
0.376767268703 0.073781624891 2
0.599594598736 0.874301302222 0
0.0115059751618 0.130664330067 0
0.0259739083579 0.393792403256 1
0.174056251934 0.461671771474 2
0.021244528548 0.0488119889507 0
0.424533038338 0.491207011689 2
0.245932597359 0.67013970676 1
0.147359767489 0.207107562628 1
0.926709085991 0.528339643836 1
0.716604166664 0.099154868501 2
0.649671533471 0.703369234104 0
0.118057488184 0.684381633293 2
0.404996438418 0.714087784318 0
0.35689575931 0.399264939131 1
0.0240229872189 0.00879810942408 0
0.386550704201 0.499329462865 2
0.413247306478 0.192382327601 0
0.320286578622 0.270172959529 0
0.243209865145 0.20051079476 2
0.851841790934 0.669603892876 2
0.878742071411 0.217738868945 1
0.413419168997 0.641461125507 0
0.734913749226 0.176391979179 0
0.140842086846 0.69589485543 0
0.506886572756 0.138421796137 1
0.146104204917 0.914781245064 0
0.839541526914 0.12624202566 0
0.103285898644 0.318130380352 1
0.191966002589 0.582150049874 0
0.502484269531 0.433443660233 2
0.859521533164 0.120941898758 0
0.014512101036 0.923518358941 2
0.888552094385 0.674512515084 2
0.652713075911 0.488030628252 1
0.907004482091 0.15557600506 1
0.7528547049 0.305382455736 1
0.161364209404 0.720776108291 0
0.947071602822 0.673117359039 0
0.477150906872 0.593193098716 0
0.0067340390612 0.463197085021 0
0.914737018734 0.370691556866 0
0.42763534539 0.392655671626 1
0.896841011126 0.430716347451 0
0.588610105701 0.321844997066 0
0.126898687009 0.655774842589 2
0.440633542308 0.651087429601 0
0.742777609091 0.934469146263 2
0.22699634507 0.178323829699 2
0.82218814627 0.420379204628 0
0.743189280839 0.16150578772 0
0.912705406404 0.76770899532 0
0.787362648032 0.523415329878 0
0.108139398088 0.256678509507 1
0.290484307629 0.986271416935 0
0.120213489715 0.868374447355 0
0.522951422096 0.738705196835 1
0.587602489254 0.589855515628 1
0.133656131607 0.832194713714 0
0.75123659162 0.454551355518 2
0.439555502107 0.0719632841691 0
0.450013073311 0.590615829642 0
0.50408362708 0.027658328864 0
0.858939236323 0.12916670359 1
0.815073164519 0.71141226265 2
0.982673223055 0.581685957619 0
0.0452236525098 0.0205857982259 0
0.250259120831 0.10910617896 2
0.832711602688 0.00900764647212 2
0.319253578576 0.766050721469 2
0.255508667451 0.714273177068 1
0.148743583888 0.54289768967 2
0.192752605774 0.623520894236 0
0.326312200897 0.679584786286 2
0.569023514034 0.286841137765 2
0.441799131641 0.314411511261 1
0.745130047501 0.532611090558 0
0.227690798097 0.922646029615 1
0.899093052247 0.149756841921 1
0.587664162609 0.0365196777808 1
0.738824723008 0.285775615243 1
0.0281576498284 0.501040259446 1
0.394851934106 0.0926615596961 0
0.0599297512066 0.170655786085 0
0.49809535576 0.446789124292 2
0.63865196478 0.0443264737104 1
0.63563137492 0.577527662509 2
0.76820580901 0.415768601946 2
0.835490125346 0.614942063636 1
0.436270756176 0.0517727950232 0
0.838841697834 0.00335412660338 2
0.469923430138 0.583906635164 0
0.308848596861 0.401932886262 0
0.325559226569 0.564997460415 1
0.710281100185 0.373875563464 1
0.790513587764 0.0326270206473 2
0.292984021429 0.317871002563 0
0.781924706371 0.657391533646 1
0.662751298851 0.486829305775 1
0.903130724606 0.623090466826 2
0.608829671883 0.125205959511 2
0.882103336696 0.955887882616 1
0.680151344273 0.360137420091 1
0.763538185798 0.544078633508 0
0.333787463468 0.127240266573 2
0.300780996817 0.1476170576 2
0.11424773307 0.595966239344 2
0.144638763868 0.427532220651 2
0.141154145904 0.0254466196668 1
0.789981720748 0.77906586145 2
0.522656063054 0.260315791054 2
0.859043207796 0.0940795196407 0
0.945406368511 0.458979862086 1
0.646217699596 0.386909355406 1
0.650604322561 0.98241541261 1
0.88967067718 0.0852304086665 0
0.595208929253 0.923181929228 0
0.957312694637 0.119516005896 1
0.752798898804 0.415640556757 2
0.477669012352 0.691459048051 1
0.10459678938 0.569086305688 2
0.0835569487331 0.776963096414 2
0.996284549375 0.899526798416 0
0.0533427847533 0.171623985684 0
0.623201678421 0.749084963308 0
0.873848650785 0.804552313595 0
0.973414696858 0.970322717467 0
0.113754253356 0.702503915299 2
0.67782191672 0.129337782905 2
0.568762135854 0.823947784926 2
0.69279509531 0.402744531863 1
0.298874885337 0.771168380285 2
0.883927090638 0.835998042025 1
0.578645841512 0.189399813313 2
0.0421851711575 0.441791114326 1
0.756585307787 0.586533337149 0
0.608473444053 0.472022024562 1
0.986694215233 0.393159483342 1
0.0903781795579 0.543007834299 2
0.108978284638 0.488514608591 2
0.521010019426 0.211093062489 1
0.82659788236 0.436500294957 0
0.513475637755 0.72369390527 1
0.539004086429 0.668522414446 1
0.84978996987 0.241862388228 1
0.863535417398 0.735598367053 2
0.0560824877251 0.136894260304 0
0.91350216443 0.390988462928 0
0.933674090991 0.126623449455 1
0.610096430345 0.981873663816 1
0.890602528844 0.405762037256 0
0.888594221707 0.611697691822 2
0.902876324401 0.636372428921 2
0.791098598719 0.117727918832 0
0.569248098731 0.477763462872 0
0.914686942568 0.76266422567 0
0.899151523835 0.924028456956 1
0.620463904899 0.766403944817 0
0.710542709102 0.0186739749526 2
0.925841780099 0.780055356994 1
0.637999182237 0.841381807051 0
0.145579755061 0.37106837485 2
0.723440987533 0.359640629177 1
0.274914514106 0.819334086532 2
0.183328716642 0.739030213455 0
0.249690839535 0.951484412811 2
0.599666183679 0.943235709905 1
0.189665413212 0.505896946091 0
0.726025334554 0.525901300625 2
0.22595859067 0.61535975465 0
0.0032217505789 0.78937940557 1
0.95232393382 0.0846772758162 1
0.0397278812765 0.556014557807 1
0.991689082197 0.520876960082 2
0.617994377122 0.243272144821 2
0.653221455192 0.283618280279 0
0.87642102239 0.209637813519 1
0.352253345249 0.550199297361 1
0.646827891177 0.564610728126 2
0.37262392572 0.2476135456 0
0.0566379343879 0.0894005432627 0
0.754345168674 0.758641781444 1
0.0954146403932 0.639621656252 2
0.67870861617 0.159682504793 2
0.942211906922 0.470865744083 1
0.215584772591 0.439863308423 0
0.242252356222 0.00511328304212 1
0.00938971796128 0.047719365721 0
0.931629303685 0.799917133239 1
0.0800904010434 0.354502302716 1
0.959851845932 0.301036803558 0
0.72675449416 0.811972552271 1
0.544038006219 0.838603670535 2
0.729620911961 0.779690543404 1
0.477005666884 0.630481496449 0
0.415075754815 0.447706569809 2
0.153448640331 0.0464206396747 1
0.541002431262 0.35798303564 2
0.512346992549 0.353354237904 2
0.177260735393 0.770505516062 0
0.626343076753 0.531732554146 1
0.0579488380989 0.365805111714 1
0.404923401485 0.258978545861 1
0.115173833066 0.254471539598 1
0.838035477477 0.109046452334 0
0.599518373569 0.552755673228 1
0.316679493719 0.0831467087064 2
0.329497610092 0.593174963716 1
0.870791161728 0.118127631352 1
0.559067810952 0.224140754997 2
0.600465370281 0.37345345804 0
0.492551572504 0.0360281385579 0
0.385935328096 0.740729549935 0
0.34946027006 0.955330928708 0
0.676692127507 0.487424421276 2
0.20626466004 0.407757736312 2
0.0737362250497 0.75438422082 2
0.631266229662 0.850152455486 0
0.661614246003 0.255970102532 0
0.0981960111609 0.52913487218 2
0.43005807753 0.870251664782 1
0.0780613193957 0.835530078615 2
0.887845467892 0.318315850516 2
0.367839827573 0.529003602062 1
0.00798767082268 0.315745494105 0
0.91201977475 0.00367041155477 0
0.775131089068 0.150860638209 0
0.54293120044 0.561152283007 1
0.242814194358 0.792205698385 1
0.596448153614 0.0977564173662 1
0.480460231908 0.00709957154047 0
0.339134743102 0.847878167906 0
0.900522874511 0.235882936188 2
0.665930356427 0.888010122809 1
0.680009094655 0.301135930878 0
0.361585726669 0.948038815212 0
0.801976141474 0.926951500029 0
0.623376043165 0.97143586247 1
0.395756231388 0.420017704084 1
0.737890308047 0.609077806143 0
0.933900799461 0.00570831450317 0
0.859563688608 0.974050505806 1
0.285105556188 0.698210773252 1
0.98742022184 0.148028789599 2
0.651469666974 0.522259062962 1
0.0971633231081 0.249096260417 1
0.560129016119 0.458189243655 0
0.750082015849 0.305148207943 1
0.141830642955 0.988142769016 0
0.0202560067201 0.169808131871 0
0.670681539812 0.711239483334 0
0.687833386123 0.388410474657 1
0.894938148715 0.401037163225 0
0.288640254862 0.924976193296 2
0.52841613285 0.872062070946 2
0.00944811639464 0.562767033865 1
0.144435126338 0.0475190228548 1
0.104841881554 0.244515991076 1
0.609110830642 0.714930068443 2
0.182413565927 0.158210050462 1
0.0833800004826 0.027856471543 0
0.907797322781 0.0641940585187 0
0.504158920692 0.394955927908 2
0.148791315779 0.704283800758 0
0.728212688804 0.102250296284 2
0.110581617462 0.0720853571764 0
0.822269324595 0.186033766615 1
0.386280673108 0.318775352495 1
0.127004770735 0.306588108898 1
0.150274126694 0.377374385362 2
0.178313037084 0.500468759847 2
0.176717324264 0.248327492653 2
0.151427995019 0.780110027782 0
0.158845495923 0.846361685063 0
0.26991143025 0.701260161129 1
0.379062695273 0.162500011683 0
0.773768178343 0.37611332276 2
0.738620318361 0.940833338767 2
0.234432190418 0.628671917163 0
0.291172812561 0.078085843882 2
0.961784814601 0.454836765381 1
0.722921468223 0.447316834782 2
0.304828071017 0.0140316112847 2
0.482086493212 0.499788449619 0
0.958774241543 0.523670786132 2
0.00586091218633 0.962619230198 2
0.126925200382 0.572086601472 2
0.256666159535 0.536856370053 0
0.0404760856145 0.792841782389 2
0.995733666149 0.748161965051 1
0.833076282158 0.47762821043 0
0.0650204234474 0.396729643516 1
0.772499497817 0.679717306951 1
0.741017829394 0.508435414727 2
0.0542157017141 0.419807674535 1
0.815232532621 0.789490398063 2
0.697052304106 0.528150068088 2
0.966649691703 0.609320930745 0
0.0892122794517 0.71365242509 2
0.215199373107 0.0850205670381 1
0.335746838352 0.178473794832 0
0.886908535248 0.595317257581 2
0.582509302392 0.442802011261 0
0.464687505081 0.71624283675 1
0.495884413604 0.454960475202 2
0.809105491881 0.261475072854 1
0.727589826964 0.509708275106 2
0.025945688939 0.928832961631 2
0.425190096407 0.286581765642 1
0.241904295094 0.0194375888888 1
0.241033865647 0.282060734762 2
0.819985652591 0.90013432841 0
0.427029007611 0.398101599829 1
0.785668336729 0.71418602943 1
0.375346312565 0.131501927066 0
0.0137411311449 0.157414852205 0
0.276650705887 0.196758801226 2
0.192856773662 0.984812054612 1
0.339626016414 0.682314341424 2
0.196411910095 0.78327600963 1
0.0120368039152 0.770180443843 1
0.631427052033 0.500410002968 1
0.862173431839 0.39958365064 0
0.458366866104 0.960456108496 2
0.546190368337 0.703116122558 1
0.224117449396 0.519713692028 0
0.307245000292 0.0457253472209 2
0.551746176028 0.294364712101 2
0.540080244043 0.613078317525 1
0.397143043091 0.499136434485 2
0.474292415539 0.207325509726 1
0.834701029549 0.759753486143 2
0.745098060409 0.639341613835 0
0.744539333651 0.440098231419 2
0.3615413748 0.325099385442 1
0.764802786333 0.938216384007 0
0.716119798508 0.994812884085 2
0.80098228023 0.0943333052571 0
0.766219874199 0.2801637879 1
0.618954976337 0.945912399907 1
0.685393579553 0.815541486518 1
0.564351077957 0.825197987831 2
0.78705907937 0.386969510367 2
0.081254365334 0.357519893803 1
0.599615327142 0.792883131366 0
0.949826579606 0.277102907092 0
0.0209189022549 0.0763637532925 0
0.391664363357 0.504890938758 2
0.873374105421 0.990730911647 2
0.702678538501 0.481869567612 2
0.750192792843 0.44877938183 2
0.861068493194 0.455436538354 0
0.565253010483 0.98508406934 0
0.05794537842 0.324250744972 1
0.389610172776 0.955776171071 1
0.174397066932 0.247784932251 2
0.561214199053 0.401092056187 0
0.879347060935 0.186250348326 1
0.296278800678 0.639133703096 1
0.59242445378 0.448508143947 0
0.794649679123 0.361020548863 2
0.824823264117 0.890640920015 0
0.369528657011 0.234890851483 0
0.750796799244 0.91084447493 2
0.550349018382 0.345210230812 2
0.317745599612 0.460056905837 1
0.696300544022 0.549628859098 2
0.36030450753 0.617025843644 2
0.36745256637 0.443622353836 1
0.523389577625 0.056083742487 0
0.81321023936 0.705294088329 2
0.3142294649 0.825594037777 2
0.401717142373 0.874460494111 1
0.157911055482 0.883177455293 0
0.686019284511 0.128509487865 2
0.671662548499 0.837211406621 1
0.93152835079 0.845393465557 1
0.921923878307 0.989612617095 2
0.855635509161 0.452559923295 0
0.46392253653 0.420177374947 2
0.0854717770785 0.174009865533 1
0.967392901815 0.203960214299 2
0.565125574397 0.721819005846 2
0.736077294586 0.449763985957 2
0.759663586574 0.0286015392736 2
0.533379605861 0.498570671879 0
0.25023441767 0.676334164723 1
0.0854291238002 0.318762356705 1
0.900385466721 0.528190754255 1
0.3937783827 0.977746533716 1
0.98074213968 0.227031477423 2
0.79259155496 0.591430972571 1
0.671602193376 0.276614782785 0
0.183921919457 0.868588927462 1
0.340004159901 0.940373449407 0
0.72383810327 0.0944327219429 2
0.837591671413 0.243024590982 1
0.219843149761 0.41612787413 0
0.658959212894 0.767266658221 0
0.107182279452 0.323250247246 1
0.300572011566 0.812731398197 2
0.300042761386 0.547655095029 1
0.743565863684 0.918913944974 2
0.403903482835 0.00163574731993 2
0.588494572414 0.204942692936 2
0.461559486736 0.317829410065 1
0.809899158462 0.558650316297 0
0.197350851786 0.30624107301 2
0.355090342433 0.21882766429 0
0.936762169596 0.30635867848 0
0.75389997357 0.393526417362 2
0.0158965413497 0.610235910293 1
0.10291688568 0.611343256657 2
0.0889227921543 0.895228811899 2
0.480777899316 0.769926091348 1
0.243726897567 0.53443539785 0
0.84189324279 0.4786482584 0
0.0649840416175 0.0607314143034 0
0.0261944220118 0.863599987066 2
0.446854967954 0.196658771999 1
0.438995885077 0.702234121117 0
0.256296092504 0.60423825449 1
0.863565977021 0.434799143907 0
0.0318618940775 0.710424671362 1
0.182682353634 0.344633593478 2
0.11941284547 0.279584485396 1
0.0969567520789 0.665741398464 2
0.932652787647 0.0482406332962 0
0.924002302909 0.143130412907 1
0.522815821486 0.672255536178 1
0.241204308788 0.185182500636 2
0.896696623891 0.866286719734 1
0.786251159505 0.320228127369 1
0.21534758123 0.00632185988742 1
0.509010877164 0.285022511753 2
0.0538324263271 0.671343770878 1
0.273495658148 0.289781498451 0
0.965247131284 0.873029625622 2
0.066438313177 0.41133478702 1
0.506159330708 0.469645019508 0
0.705077232869 0.85771750398 1
0.667163259518 0.746349161464 0
0.00958121335166 0.349779020751 0
0.437947969428 0.216841125436 1
0.707020651832 0.857625097009 1
0.339404119256 0.0975369493186 2
0.501567313357 0.791096098992 1
0.446580257368 0.168710897141 0
0.954246874436 0.709880853649 0
0.5028711409 0.378008582661 2
0.594739749731 0.767943732395 2
0.115459532652 0.287940872066 1
0.195521096479 0.241209336866 2
0.805433868746 0.229706890948 1
0.0195226747359 0.989889142009 2
0.270015962667 0.149612467791 2
0.216456986344 0.0370741812687 1
0.155759594551 0.950744585579 1
0.681737289775 0.846547193904 1
0.976240090345 0.318690076945 0
0.602829572887 0.916962609915 0
0.232763981885 0.046725382736 1
0.191397912738 0.73062747829 0
0.939272811414 0.85968530513 1
0.219644811029 0.678818915186 0
0.867915789813 0.537876491142 1
0.634538890527 0.320390368259 0
0.670216549843 0.972713874739 2
0.276493356335 0.213898389798 2
0.110288057511 0.627008105874 2
0.929846077425 0.281683774052 2
0.835676925277 0.973237985344 1
0.171900819406 0.113996719135 1
0.841185634753 0.992384013881 1
0.577985935066 0.142991520217 1
0.781240312052 0.357745955204 2
0.0760405294806 0.370206650876 1
0.487998348205 0.946472212435 2
0.824857776112 0.658345212209 1
0.237021942956 0.232196478893 2
0.46258231989 0.44746987359 2
0.770805224723 0.715248741135 1
0.178128859358 0.632841965712 0
0.00601794643886 0.649488848059 1
0.867303949284 0.893765216495 1
0.077642212247 0.387129576582 1
0.438524647817 0.9264437189 1
0.174194934388 0.338912342863 2
0.313948074067 0.378739849069 0
0.855258654724 0.720312239201 2
0.356664174957 0.534978517952 1
0.749304892047 0.352354107211 1
0.812530929145 0.0318740783226 2
0.77027379395 0.325301070088 1
0.358633618475 0.212730716436 0
0.0123064188202 0.688080517791 1
0.424041749223 0.775385574492 0
0.213559420833 0.800769869685 1
0.936737117919 0.860720596936 1
0.192931919978 0.485397542222 2
0.959035412739 0.217606533402 2
0.54473110006 0.337193820065 2
0.857790984412 0.956463009161 1
0.220467042965 0.858261348772 1
0.306890454501 0.837787866644 2
0.999710262827 0.815530522114 2
0.583253500653 0.375820461129 0
0.70870311248 0.0783115052807 2
0.15325966918 0.131058652565 1
0.649057441975 0.269136834678 0
0.884154831843 0.337299685269 2
0.452257143445 0.481315468924 2
0.152164572395 0.851344712909 0
0.666893378382 0.811500917738 1
0.766517725103 0.629924637384 1
0.632369332357 0.377761639204 0
0.566268022247 0.36351734145 0
0.25653732662 0.638134658027 1
0.529292969951 0.776397372636 2
0.771643461086 0.760860619438 2
0.541831324384 0.150996246352 1
0.618138610893 0.134898528036 2
0.764029274108 0.423031568938 2
0.388828338613 0.246743285622 0
0.916737152552 0.463342714052 1
0.357127781254 0.750971349811 2
0.610341714337 0.046062515338 1
0.992061562644 0.385995303558 1
0.249300642766 0.507438689809 0
0.0653856158336 0.369554535973 1
0.0225486359724 0.678081055735 1
0.326149020301 0.145877542417 2
0.685863837067 0.725390724272 0
0.343183230189 0.490860665531 1
0.0548852921527 0.939627739797 2
0.928234509844 0.77869128939 1
0.836646031609 0.119408081811 0
0.424259992556 0.74157586979 0
0.0887973600302 0.681827654316 2
0.965270528897 0.14695029073 2
0.61499629316 0.255135831623 2
0.902809460292 0.30864963538 2
0.899745467537 0.954715310723 2
0.299847780496 0.162625278879 2
0.752879617316 0.320555647363 1
0.0375631956979 0.223679123222 0
0.914479230756 0.00524643119278 0
0.407483183585 0.9602196929 1
0.519486353606 0.309327941006 2
0.559190728843 0.610658336398 1
0.905202936861 0.228612943304 2
0.824627894913 0.29810534789 2
0.410216358599 0.00821962620803 2
0.880777114279 0.375840748535 0
0.87900505143 0.0231785325249 0
0.435567748554 0.437321823371 2
0.543672702218 0.877455464895 2
0.000950638031801 0.706532972026 1
0.419780032135 0.352647469106 1
0.421954391801 0.769066637315 0
0.523131450006 0.991466598571 0
0.527545055288 0.919436575398 2
0.0761935835344 0.657588437156 2
0.177837301512 0.68905551396 0
0.377552721347 0.123983684092 0
0.135378891352 0.26971428059 1
0.342112277467 0.980056147925 0
0.788838736491 0.979801168414 0
0.310077825868 0.258456071791 0
0.536353601556 0.819812418398 2
0.6522583666 0.274608453536 0
0.63656552175 0.142611284833 2
0.886776562398 0.152650397128 1
0.454380646345 0.85415378421 1
0.484378342891 0.905910543061 2
0.167243263838 0.508866978401 2
0.62740344356 0.159049834392 2
0.966998241828 0.452191206073 1
0.119770257246 0.225501448921 1
0.856029514986 0.67065197079 2
0.356261526032 0.284542701986 0
0.159067711411 0.383152583839 2
0.922820600757 0.909759677147 2
0.877445306714 0.134984958893 1
0.240626509294 0.388838942782 0
