2000
0.0465614535618 0.981265393555 2
0.184498301798 0.538499912833 0
0.526762687342 0.494310553445 0
0.721343081191 0.276965362878 1
0.765368026432 0.124532205682 0
0.515696156066 0.209699349519 1
0.435346084939 0.970259638051 1
0.796678337122 0.369278561071 2
0.194295856036 0.863862249465 1
0.979677074661 0.704193474912 1
0.999955532518 0.528997554281 2
0.535612132682 0.266626182145 2
0.201530869221 0.770749503599 1
0.487191553321 0.744528499064 1
0.946950805715 0.211608202025 2
0.250933704526 0.844694927314 1
0.927030044563 0.0646384916478 1
0.422050970469 0.956717551231 1
0.951667297059 0.763908438663 1
0.621115655139 0.683987799642 2
0.259299282115 0.353814191082 0
0.88454462476 0.578528809916 1
0.285443378568 0.159554690465 2
0.127610271777 0.37026503442 1
0.390498060483 0.355198239722 1
0.284419879451 0.438116927069 0
0.939656360511 0.0565802122855 1
0.572338329614 0.778116080376 2
0.500192568066 0.836525979555 2
0.119621066299 0.388014587079 1
0.596588987538 0.557051565329 1
0.554526603447 0.0953616968815 1
0.63805713077 0.157592731194 2
0.868772367931 0.586436131019 1
0.0525943116166 0.882567110792 2
0.079158644503 0.136643854286 0
0.449678139022 0.884068940708 1
0.510077267832 0.162824132762 1
0.892035183069 0.733467411053 0
0.0593940033606 0.823811368246 2
0.0363517300715 0.952471310675 2
0.261241219561 0.333852313448 0
0.684054609196 0.751623056555 0
0.40541307807 0.228190140969 0
0.640025435683 0.965162344042 1
0.117319795045 0.551049102165 2
0.248434675566 0.195974527194 2
0.0595388097774 0.625606889165 1
0.275824101385 0.192873465416 2
0.692070829976 0.711247618929 0
0.610129721392 0.661689947698 2
0.0335220512041 0.414080450092 1
0.283051044214 0.721409033071 1
0.184492826878 0.389260093162 2
0.38264759623 0.243601000057 0
0.291266352668 0.397331983119 0
0.626275576559 0.593589725642 2
0.651247501544 0.284598040736 0
0.0518538291274 0.997853899626 2
0.495816124991 0.0644248099697 0
0.511168706364 0.88114631314 2
0.79922096433 0.172359721497 0
0.726359686923 0.505063363692 2
0.0775860069106 0.685056165182 2
0.0612291667735 0.375480945965 1
0.10345727176 0.928118771909 0
0.210988596199 0.280963783454 2
0.351940336856 0.478717023346 1
0.226771049931 0.135925999393 2
0.588004784308 0.390717088781 0
0.641267528691 0.806377651224 0
0.722379243864 0.63810399786 0
0.414483977442 0.495094633161 2
0.564336762966 0.386874791826 0
0.12596063264 0.0210238336112 0
0.456959321688 0.508561252069 2
0.989210150257 0.543104454132 2
0.643398898316 0.78426644142 0
0.783155140269 0.787057230348 2
0.783350894425 0.838523565353 2
0.107777799526 0.885797455132 0
0.78372532588 0.700283497475 1
0.5290825772 0.172161658387 1
0.0880327021195 0.0019845844851 0
0.211977142642 0.944626391822 1
0.248525331673 0.295018554519 2
0.628568482671 0.223055865855 2
0.0919522340596 0.0974333980102 0
0.20648322991 0.44809062518 2
0.107804093703 0.791186912256 2
0.560463987719 0.547574479563 1
0.0555347490708 0.714860188984 2
0.872915409291 0.964236885778 1
0.14798163634 0.764074769391 0
0.880857984985 0.334337705862 2
0.513693938296 0.690985738565 1
0.487817485536 0.551489530687 0
0.579506172527 0.144650771605 1
0.941554187683 0.498688855083 1
0.497664795683 0.592842463849 0
0.559289376938 0.101252069665 1
0.991455327177 0.842061967731 2
0.802660577224 0.249482435064 1
0.866370294894 0.925094225863 1
0.873994273378 0.830280281175 0
0.588089198812 0.573994747736 1
0.162535423021 0.476576317048 2
0.506603563359 0.956631486631 2
0.477372697005 0.587014140927 0
0.604130729627 0.114915321483 1
0.0753816708013 0.699664091037 2
0.290761145023 0.563903027108 1
0.0695168153126 0.664241168515 2
0.0626773589206 0.866568709329 2
0.812411544049 0.736080995273 2
0.985789044364 0.359895353759 1
0.640189253162 0.767402105802 0
0.827609084509 0.878103461359 0
0.885752691513 0.815519001429 0
0.470182565603 0.666873012756 0
0.0598760156838 0.38800453519 1
0.11377375129 0.839451790279 0
0.910077342998 0.362165393592 0
0.0240340268257 0.701527213278 1
0.906337417841 0.032363000454 0
0.858736517195 0.327725237715 2
0.55285495326 0.246364179354 2
0.281067819083 0.493039552545 0
0.973024248537 0.273140206891 0
0.658265864772 0.180503678841 2
0.448978667956 0.62632647388 0
0.454398150268 0.525012716567 2
0.00697670726772 0.72695341026 1
0.239670483481 0.0537415296582 1
0.736338952471 0.642597207655 0
0.285693167724 0.60150586843 1
0.488031362807 0.00440767287797 0
0.231823014313 0.685907543768 1
0.779276872027 0.187231344966 0
0.509934666955 0.497629373831 0
0.0462809074814 0.625761593207 1
0.640611187988 0.186141572784 2
0.0720528088671 0.0553249972121 0
0.243046086867 0.699425058594 1
0.0330319550006 0.455426381611 1
0.690193178397 0.0670082009915 2
0.0668183829866 0.0993980890312 0
0.425782276919 0.658887330766 0
0.108684596308 0.0437878781332 0
0.425163375947 0.44836280225 2
0.497473268645 0.688147625567 1
0.267703822863 0.0459840142182 2
0.451236896931 0.978792223512 2
0.616794628964 0.526083589524 1
0.184792438052 0.23907993752 2
0.220208603465 0.44287970715 0
0.693406980609 0.632842256357 0
0.596441446892 0.20322344742 2
0.664977200888 0.602908675263 2
0.270074738222 0.730240015012 1
0.362018332556 0.0997367657712 2
0.57239071493 0.99868800252 1
0.876744110406 0.400875494153 0
0.851961299198 0.298702046892 2
0.167241579142 0.214241005334 1
0.389453239121 0.595554274701 2
0.643068970596 0.718526166672 0
0.280073643844 0.996012743588 2
0.70571905696 0.614459549779 0
0.518572125092 0.135465339301 1
0.417677980479 0.437736810113 2
0.984730985024 0.134805867895 2
0.3146095759 0.949351459652 0
0.517357471998 0.980839789587 0
0.352470484096 0.200200829473 0
0.679893905012 0.856684899593 1
0.839053460952 0.0589827276174 0
0.219351464421 0.253057249715 2
0.948631519126 0.834212221398 1
0.0385251485374 0.557373138224 1
0.127567661502 0.478861035242 2
0.184162475826 0.0938042985768 1
0.689676049947 0.257903426195 0
0.782116185744 0.969884432245 0
0.69731921656 0.915616516033 2
0.978473911339 0.793668811703 1
0.105084998139 0.874469759473 0
0.0897684203092 0.245535105417 1
0.710337844588 0.85756349091 1
0.744728717838 0.204474251814 0
0.121524004287 0.653941450099 2
0.860344639541 0.885335687619 1
0.568637210301 0.0536132348075 1
0.708320006404 0.0192265337252 2
0.97665536898 0.754525272556 1
0.498452144764 0.69600022007 1
0.37330793623 0.585542968482 2
0.0914102832995 0.180887189159 1
0.429684981056 0.0812529436847 0
0.898315157977 0.105505002447 1
0.291830316966 0.22643951531 2
0.314892125658 0.608957458593 1
0.021207802231 0.545127439832 1
0.283005362749 0.634457310669 1
0.586675868106 0.564216690834 1
0.843919384053 0.480664725871 0
0.627925233366 0.0400195474408 1
0.84241421635 0.381727960296 2
0.993256047176 0.307238720684 0
0.456403942266 0.0741969522578 0
0.500525197416 0.364155557214 2
0.0346668940294 0.935384122872 2
0.898812467348 0.852475093633 1
0.460049588014 0.966362948944 2
0.313938380898 0.20859195384 0
0.855902938487 0.414694922317 0
0.534639054219 0.860504929599 2
0.10367675592 0.492763854726 2
0.292501811688 0.676486812716 1
0.137762916926 0.570166109002 2
0.239278198534 0.235510635379 2
0.925082393 0.908148183532 2
0.882183875931 0.299793256529 2
0.770828412481 0.754735902137 1
0.695348543361 0.358994655791 1
0.431574433079 0.977909679731 1
0.469795160704 0.79332105329 1
0.573111603401 0.661232427307 1
0.703600612279 0.00853159416018 1
0.156509589341 0.713687249187 0
0.663106990648 0.67973319195 0
0.598530604189 0.35623393123 0
0.306795334743 0.201845930841 2
0.725544463326 0.274739919481 1
0.800767529036 0.0627035719297 0
0.347040204637 0.232184628595 0
0.594546514352 0.506706390253 1
0.921249666157 0.839813953615 1
0.484879852289 0.298007157153 2
0.277599929238 0.802983565112 2
0.647086513464 0.314947582735 0
0.675854740692 0.181203433385 2
0.327581621027 0.13728198295 2
0.12667339375 0.990244173963 0
0.319984695592 0.415870153859 1
0.762651162344 0.852968537311 2
0.913737307507 0.267215978092 2
0.629311376942 0.00369130569791 1
0.64609759658 0.284865863634 0
0.536434363377 0.802364578065 2
0.500665909756 0.300469800103 2
0.690089071466 0.835449280031 1
0.0239868549766 0.123097287148 0
0.498790477297 0.5709446874 0
0.910983945339 0.976474613417 2
0.524908537933 0.447769936709 0
0.28212852932 0.168365676859 2
0.634842306936 0.9232715025 1
0.188444091564 0.538231926273 0
0.76784465318 0.768518166053 2
0.324572628745 0.127707969903 2
0.205298559112 0.968014961303 1
0.511041268528 0.0177795729351 0
0.240178447589 0.26368367912 2
0.460074880973 0.372266917543 2
0.71722843133 0.029813544176 2
0.0579941956322 0.517557691122 1
0.62439447579 0.689672279113 2
0.854165897417 0.901381220703 1
0.208257707711 0.95473346185 1
0.945427221065 0.00381877035954 0
0.30730944164 0.378248292451 0
0.566768846007 0.191946827846 2
0.290529436634 0.227096723366 2
0.996011173502 0.400906602106 1
0.526811311248 0.978613206718 0
0.641845396227 0.228015008687 2
0.343637929896 0.825902277481 0
0.17901666233 0.637644079708 0
0.135597129224 0.646672486145 2
0.205049325587 0.372754523147 2
0.0146971910366 0.211273353309 0
0.418243224228 0.622640730966 2
0.5338425708 0.76385779897 2
0.542477274432 0.30586676396 2
0.0399530300901 0.200451602804 0
0.858020371022 0.781738764698 0
0.318402353774 0.870667567435 2
0.972702923802 0.974950401635 0
0.386050202925 0.575990002516 2
0.659374164446 0.862069320322 1
0.732582454448 0.157263075966 0
0.791065030439 0.593674689673 1
0.519637175866 0.499040894754 0
0.54393129228 0.39860261427 0
0.184910614111 0.793144189665 0
0.883454181176 0.21063091872 1
0.0220610281702 0.714413038306 1
0.349056063075 0.257022644003 0
0.0767810108452 0.376221339993 1
0.0252855821717 0.863312727806 2
0.947124838368 0.256509485217 2
0.84058202483 0.00459216365373 2
0.310612838588 0.441053656095 1
0.119830034435 0.112287880648 1
0.609715181072 0.576792438854 1
0.474017701209 0.0511882061796 0
0.690000844724 0.99474214792 2
0.967883127292 0.0562737087862 1
0.0101647566762 0.895249776978 1
0.889788238534 0.52050218163 1
0.998049478549 0.807587835208 2
0.529128751518 0.546416704878 0
0.758786596905 0.403167254471 2
0.0529033413844 0.876144097005 2
0.11210306005 0.895857125192 0
0.685080566898 0.433116255817 1
0.736625412758 0.927880356868 2
0.98702244951 0.937271187801 0
0.0168343143253 0.745115280611 1
0.313572835893 0.589211963295 1
0.832273752246 0.562917167727 1
0.151273163876 0.508453619717 2
0.992554829314 0.432892255612 1
0.339981091574 0.799818707435 2
0.432122219274 0.26703935861 1
0.074504472118 0.662067767861 2
0.920370546512 0.39688912072 0
0.973910599996 0.0189010197938 0
0.617954974777 0.613322933849 2
0.274326735832 0.519315576796 0
0.599781054769 0.448605052796 0
0.102298404067 0.765759403346 2
0.33845776206 0.324351968576 0
0.434265534418 0.97187877891 1
0.318619332377 0.45267496261 1
0.344407457937 0.797301092577 2
0.737853923096 0.597872825666 0
0.315770097696 0.473216241938 1
0.872255882884 0.563625335752 1
0.0590319148345 0.136932331132 0
0.496510386529 0.13029676557 1
0.810880326224 0.651036871102 1
0.63045596884 0.945700158359 1
0.0577105469121 0.694993318462 2
0.338666449326 0.532722554452 1
0.911863982877 0.0426794159229 0
0.113397531075 0.243975234755 1
0.746199127926 0.568588062907 0
0.438936883022 0.99100101551 2
0.549632725946 0.189852183284 1
0.228937679363 0.708478401588 1
0.462518057581 0.873472718718 1
0.86999996037 0.45708743883 0
0.72445203293 0.290378869062 1
0.688543296138 0.500499372702 2
0.857464699877 0.140521955833 1
0.903249366758 0.896497101746 1
0.716054778827 0.484645845952 2
0.975171299234 0.575614178879 2
0.847475076153 0.229211627912 1
0.795000010343 0.224684524028 1
0.239594904917 0.798720132714 1
0.367233350108 0.527546038224 1
0.0593128781954 0.724468331256 2
0.545352969655 0.796321892981 2
0.519390484186 0.497172807451 0
0.87329997284 0.261419442241 2
0.568563046962 0.187674632287 2
0.163914986127 0.115932879453 1
0.764400017738 0.271122273817 1
0.789998107415 0.277963495528 1
0.412992850878 0.117925903522 0
0.216997198616 0.307396264731 2
0.703555855111 0.97469316588 2
0.103766760408 0.678330713391 2
0.310974807269 0.145261025285 2
0.447132677778 0.425272786062 2
0.69471248235 0.357804018995 1
0.699664356733 0.198434889892 0
0.0163479680399 0.727467587389 1
0.322393230361 0.381802210388 0
0.624341660649 0.459464711019 1
0.922934160081 0.753604341374 0
0.912208662911 0.478196151404 1
0.370399088039 0.887368133648 0
0.147361662001 0.776490595905 0
0.558477179701 0.806562414192 2
0.853770979912 0.123727588711 0
0.36180033955 0.539759765003 1
0.0942530327303 0.818228360054 2
0.402334787174 0.517918106038 2
0.782273040188 0.269334595554 1
0.617450091018 0.573257646904 1
0.700631654997 0.668105335591 0
0.362891108273 0.127126655085 0
0.00385188222046 0.796973766263 1
0.212571814927 0.417271192318 2
0.46669829241 0.863771909351 1
0.949219629254 0.974107088652 0
0.112925299075 0.489244726718 2
0.562981745654 0.268684307788 2
0.200521738349 0.727346656644 0
0.0872240684496 0.560833911652 2
0.563185329971 0.52546642666 1
0.696993989017 0.961569032736 2
0.121258320032 0.750373570403 2
0.157494769191 0.657316295226 0
0.994228382807 0.938153298576 0
0.635268837838 0.758665774867 0
0.893051327902 0.923756611333 1
0.704451972769 0.171300734588 0
0.272671490196 0.877715484454 2
0.146810478441 0.322821592743 2
0.0641437637951 0.502727699612 1
0.789874061089 0.0397317352795 2
0.833786651944 0.408517704253 0
0.728474839822 0.827352601455 1
0.130543940845 0.0960721142094 1
0.697903296336 0.138995894849 2
0.826119566321 0.840641828807 0
0.538638623984 0.555846998407 0
0.867180649939 0.586451803851 1
0.396869281663 0.778987591731 0
0.502598138486 0.798269553025 1
0.356594159831 0.8804609198 0
0.00312053042016 0.689824964378 1
0.473630731454 0.812541875881 1
0.545793419403 0.0699428002095 1
0.778958375515 0.0772296301788 0
0.380169507139 0.267540924376 0
0.500812361286 0.687157148474 1
0.916842776698 0.743030493597 0
0.203789054016 0.156249471675 1
0.690333680174 6.87091162097e-05 1
0.203120213198 0.583494648821 0
0.694350422531 0.035505860971 2
0.741915637172 0.779634658125 1
0.495759425121 0.991296889042 2
0.68526383175 0.179991036383 0
0.622026584337 0.708799240956 2
0.738363294435 0.784657534088 1
0.9134336919 0.186900550164 1
0.834212303873 0.813065241599 0
0.292961542057 0.713651276358 1
0.852585128818 0.866264324061 0
0.124008897256 0.257770077398 1
0.766738663698 0.275320695175 1
0.080683501817 0.120070505886 0
0.446120259149 0.665621461214 0
0.130899907157 0.304811981142 1
0.0728322211336 0.626135326334 2
0.838831626025 0.311788602121 2
0.654657325218 0.272795266764 0
0.799471101259 0.611105823657 1
0.0349286871738 0.635128578424 1
0.286242330019 0.189723722188 2
0.642173621754 0.803971496942 0
0.386402126923 0.594690796915 2
0.31694480882 0.504357071915 1
0.184902637241 0.34945757625 2
0.258127240348 0.212264065132 2
0.739006749227 0.607673968995 0
0.9387603766 0.833641801475 1
0.684490516644 0.46280224007 1
0.0335440867477 0.955955509064 2
0.727713476895 0.0290017017962 2
0.851934777822 0.669177973836 2
0.348894306928 0.702890740191 2
0.32426356494 0.210300217979 0
0.177398532136 0.733103103925 0
0.383559912862 0.74401151021 0
0.936059573313 0.623865521229 2
0.48480001861 0.813119795508 1
0.875634076912 0.440916471211 0
0.833872007122 0.33189900299 2
0.340448861066 0.0196780379225 2
0.859156423474 0.473339721512 0
0.684535734007 0.474909346305 2
0.938688257089 0.884578636914 2
0.980054493987 0.848405409566 2
0.0799858238466 0.469688173855 1
0.956377272654 0.441043546001 1
0.739233662166 0.642763554438 0
0.409277070027 0.341090685806 1
0.710831342153 0.567693166859 2
0.884147236102 0.338175278882 2
0.839841623843 0.772149688462 2
0.697490543278 0.576558728058 2
0.0418701133267 0.282467437128 0
0.386369681634 0.86176588673 0
0.423530115114 0.883025458905 1
0.866570457846 0.41319155395 0
0.80057538725 0.30295482466 1
0.225026629194 0.177056215499 2
0.811951300173 0.518483276521 0
0.907061880004 0.329237204341 0
0.464991405513 0.180593448491 1
0.965276986792 0.401389576967 1
0.224515282933 0.911614549771 1
0.0836665087861 0.751281357647 2
0.473430414989 0.19289481626 1
0.403728886357 0.640202504017 2
0.200476390867 0.559092980619 0
0.308701987477 0.930437700992 0
0.174389057341 0.0956033464682 1
0.123449853085 0.54508325143 2
0.176248782344 0.734305998159 0
0.252564789373 0.141403503891 2
0.865433656927 0.0779192918737 0
0.143116684819 0.8633771492 0
0.875963690228 0.64810014749 2
0.392063111706 0.023211916198 2
0.598607843445 0.32202344269 0
0.688283634151 0.298085185699 0
0.893584892994 0.903908729429 1
0.705271009637 0.574506551129 2
0.10715818641 0.0386973286556 0
0.800039059491 0.8631307732 0
0.148553338551 0.133583533276 1
0.178067734158 0.745786939468 0
0.304712103529 0.105623365044 2
0.896243676073 0.0622371374337 0
0.179399211408 0.453445438987 2
0.219526755029 0.242968916458 2
0.92652415545 0.449616403443 1
0.626148424604 0.350249425307 0
0.784700238536 0.10129673254 0
0.333951476784 0.897156511254 0
0.794249361895 0.863663226396 0
0.511382283489 0.558329868387 0
0.610726633556 0.18709786938 2
0.327643224344 0.690349128795 2
0.438514398738 0.412557724972 2
0.708970682607 0.246275888249 0
0.524921451722 0.179000919169 1
0.711607351367 0.114711684008 2
0.300244913005 0.785713921034 2
0.805658853122 0.103817410444 0
0.0395871023512 0.151562643337 0
0.665867971581 0.135213569874 2
0.235541014336 0.347193947523 2
0.501315744659 0.195077464708 1
0.881409544901 0.175180324023 1
0.123348938736 0.954190657673 0
0.535041086671 0.61648847503 1
0.150277858198 0.0468223588356 1
0.115900144524 0.345519153899 1
0.87427795432 0.375854637984 0
0.64072292531 0.0788976298979 1
0.514726957067 0.0492274517794 0
0.634892617599 0.501875040869 1
0.348801386905 0.153975266368 0
0.223860909649 0.153766112656 2
0.686495854218 0.840490002866 1
0.866956566703 0.455670989471 0
0.632337096784 0.0911902052164 2
0.0517243657134 0.107160506524 0
0.0564132226866 0.818238979821 2
0.966894029292 0.40381066806 1
0.900163625266 0.782071927513 0
0.171502630593 0.754608326638 0
0.241696447229 0.391859605211 0
0.0716417173049 0.881210333982 2
0.64285663827 0.658002098249 2
0.861958154424 0.963831466465 1
0.348814589252 0.837868890086 0
0.0671218375172 0.618146736395 1
0.429256773311 0.553663192139 2
0.207102482248 0.913820583135 1
0.51909123357 0.816863998151 2
0.905923888242 0.0652199280804 0
0.849397974188 0.0881177041489 0
0.711171262565 0.721842585164 1
0.568448275098 0.569864450824 1
0.166574000817 0.416841436562 2
0.614259116552 0.326414324102 0
0.624174938502 0.260141693911 0
0.834346114367 0.832872573883 0
0.763756928694 0.260850026505 1
0.771501679214 0.462664993549 2
0.696514581735 0.510038208355 2
0.218780651256 0.0628418111665 1
0.198229025346 0.114190180915 1
0.86902637087 0.258129885922 2
0.603925375841 0.107919530107 1
0.0100158401352 0.388520600647 0
0.5763385759 0.233000056669 2
0.361332352258 0.379560986833 1
0.25929835175 0.16920228483 2
0.521470516596 0.450994963526 0
0.951055095356 0.551611359868 2
0.123303883082 0.128862381699 1
0.697649884376 0.986235688183 2
0.104177588605 0.564938841949 2
0.700451846051 0.443253882042 1
0.937314105654 0.0199276534332 0
0.559736745305 0.275982193622 2
0.80385921422 0.146332816634 0
0.215793017496 0.482774420373 0
0.951044988849 0.318776619819 0
0.855562482713 0.698118474609 2
0.773952718807 0.143488246811 0
0.0411942634379 0.846416806095 2
0.302839564555 0.813497164263 2
0.545628766115 0.827460631555 2
0.273748114457 0.586960974656 1
0.142547265446 0.220061090608 1
0.839020197345 0.652003959803 2
0.134685596694 0.717321076778 0
0.702799393227 0.641629572227 0
0.627632678578 0.303626993162 0
0.735495868218 0.458286269385 2
0.28058888339 0.678828955828 1
0.633501141308 0.352493704935 0
0.311177586437 0.262515842232 0
0.860787621243 0.344222627169 2
0.122508928469 0.314437903571 1
0.677211428049 0.988082572693 2
0.736009016716 0.747844293341 1
0.850561689431 0.0300853863186 0
0.455911292243 0.419171996397 2
0.734447597825 0.142586620581 0
0.544628773307 0.336171263093 2
0.621604616574 0.720659846693 2
0.680200312795 0.346971377179 1
0.44465403299 0.542736817149 2
0.432799949787 0.636762446086 0
0.660887241173 0.462189257744 1
0.142263341536 0.00131183966101 0
0.732562297167 0.931947473786 2
0.531764431077 0.0945741995851 1
0.979118120758 0.722895508008 1
0.379959778398 0.834437797569 0
0.594067965324 0.874561953742 0
0.442436402251 0.354409490457 1
0.803735236202 0.195961332288 1
0.777524759426 0.35410056584 2
0.939710814537 0.023115970107 0
0.877817048349 0.410734146229 0
0.729886770878 0.195651911769 0
0.301870744275 0.192337112538 2
0.322816145657 0.85917332051 2
0.631279934913 0.770093286123 0
0.415159099454 0.212997518196 0
0.292788939315 0.367321742037 0
0.249640745972 0.125294499682 2
0.197346224774 0.964771706538 1
0.189764697603 0.695486947122 0
0.0323314666767 0.636339196912 1
0.693717264581 0.377486814167 1
0.236791425266 0.118155934842 2
0.449120863235 0.11495902393 0
0.084157311502 0.786799111483 2
0.724933374481 0.65718527613 0
0.665155869569 0.664638616975 0
0.159661383069 0.489046347258 2
0.549416059789 0.477796602695 0
0.585839187367 0.516705086828 1
0.923361598778 0.890601882398 2
0.933034985391 0.939665690454 2
0.249852876197 0.355518319409 0
0.568188956128 0.996291136731 0
0.574309119582 0.206504190111 2
0.215673982636 0.697574213452 0
0.338058476128 0.4800124035 1
0.00402070865792 0.250802489972 0
0.514069923882 0.907694878941 2
0.937023410703 0.292942851787 0
0.0381957197323 0.531017678848 1
0.587468123607 0.455478769513 0
0.226387303188 0.944947067743 1
0.266771274512 0.116119802441 2
0.0811628762121 0.487237141983 1
0.803497572852 0.480312136131 0
0.123863135727 0.680379084944 2
0.163514409048 0.0521307334414 1
0.57115254902 0.9595485628 0
0.839379733701 0.386000197364 2
0.57135791408 0.486173809254 0
0.253992357591 0.869729897421 2
0.108949485618 0.169621444195 1
0.363317692776 0.871750867201 0
0.698053686607 0.435837410339 1
0.714501668297 0.621738117546 0
0.175477916093 0.931957942986 1
0.719117463405 0.721519171702 1
0.404975389832 0.873196281863 1
0.306174347514 0.269205129041 0
0.986596027057 0.292326107387 0
0.800333258506 0.228042569316 1
0.318719120909 0.161604679063 2
0.960566062808 0.807438210167 1
0.251523238479 0.41649752987 0
0.171057897702 0.140307002274 1
0.926402549757 0.185501070098 2
0.522072174266 0.862202473823 2
0.392139812698 0.613793732439 2
0.853467398718 0.162061890475 1
0.554094351676 0.0727674429566 1
0.638429024802 0.269249947151 0
0.604347228026 0.0479589048526 1
0.572136858299 0.729083277821 2
0.520559104297 0.452941812966 0
0.289040243449 0.0580197636705 2
0.751599577628 0.267548534578 1
0.898171526346 0.187908419762 1
0.653450329501 0.562882523267 2
0.992573882652 0.57442970548 0
0.356704475282 0.862358555159 0
0.0438896975687 0.549078810554 1
0.945945885188 0.732785468462 0
0.751874394928 0.260097215957 1
0.90986780503 0.256279388757 2
0.130223117777 0.841615591899 0
0.659009986556 0.271235813903 0
0.303943622819 0.922987028333 2
0.675981244525 0.700239546205 0
0.83047647813 0.494180452575 0
0.290658225221 0.57170293746 1
0.237222305291 0.954825095305 2
0.548481736902 0.0505147484589 1
0.821565864492 0.164734179646 1
0.334975879275 0.0983895568786 2
0.736841054057 0.299236687959 1
0.115453138284 0.138025288941 1
0.618129065182 0.457783196659 1
0.768628056124 0.339264497757 1
0.590367855491 0.131881767163 1
0.339465232583 0.0242781170799 2
0.379185104643 0.97732298692 1
0.0758629109973 0.141792105501 0
0.0803276323482 0.929565441366 2
0.716542692066 0.668389312356 0
0.910431760818 0.835998762435 1
0.233855295408 0.817009500723 1
0.937227756644 0.665743053325 0
0.537428019819 0.149621446062 1
0.173258179311 0.115487995463 1
0.195845189518 0.149832683395 1
0.396563968624 0.655491378574 2
0.0315450553985 0.579099406719 1
0.481059398318 0.230036138049 1
0.548750576 0.171759617664 1
0.851567046096 0.509670182265 1
0.649474247948 0.536039169333 2
0.983184796214 0.338979240113 0
0.457011748608 0.561216094335 0
0.0430613083165 0.376825199546 1
0.618192089393 0.609181858865 2
0.722201652658 0.433550051083 2
0.52565896366 0.803485465937 2
0.733462740091 0.821944908091 1
0.807228976915 0.274526527955 1
0.285078902808 0.570093836299 1
0.438396738224 0.164777570255 0
0.796511591525 0.389173778035 2
0.897370676427 0.88293782222 1
0.0934164508633 0.191405239484 1
0.837202131512 0.769524714968 2
0.506335688795 0.570639284291 0
0.387104787884 0.974960786384 1
0.618080766038 0.149405786672 2
0.687724085381 0.467625412094 2
0.673831501679 0.705135082888 0
0.0788500614337 0.246012233053 1
0.449312979135 0.489791644561 2
0.322904552164 0.605454035117 1
0.552669242544 0.571618092008 1
0.276730683398 0.465779155876 0
0.896835469104 0.323030896144 2
0.912976422064 0.756495627233 0
0.685704302745 0.976247223081 2
0.812674233153 0.57126468615 1
0.00042659533327 0.735140008306 1
0.910768527667 0.452287163334 1
0.970701907136 0.2606531595 0
0.500736525288 0.32512514546 2
0.887500668115 0.586625288836 2
0.198792747402 0.0998168359491 1
0.624650905607 0.886234365277 1
0.271414766401 0.235331169779 2
0.173740565832 0.426415797082 2
0.569889628185 0.431863964256 0
0.970191304533 0.782961237064 1
0.801780190158 0.992980539334 1
0.905967960873 0.662432923056 2
0.517811283984 0.619286937796 1
0.59942857434 0.89702301203 0
0.516859510751 0.845197138445 2
0.991924331984 0.743934255803 1
0.652351853946 0.14275319434 2
0.402663283846 0.887822813226 1
0.64075824092 0.187572552776 2
0.970402073844 0.541747247702 2
0.772417263226 0.711878179959 1
0.520717354585 0.427425764357 0
0.88916414564 0.291440674912 2
0.0931926503707 0.164698543703 1
0.23708378343 0.804172763516 1
0.0425941100583 0.18618085526 0
0.467248792208 0.726445918766 1
0.319255127518 0.979853709039 0
0.105852739384 0.571739108768 2
0.0675243209358 0.651702153741 2
0.384306093648 0.968049967048 1
0.598086150797 0.616873058882 2
0.693833138881 0.219627701976 0
0.560704097047 0.529693601321 1
0.887563344058 0.102675874514 1
0.0572914957064 0.606657346685 1
0.399808701063 0.330445110734 1
0.869147621187 0.265832175145 2
0.997792707775 0.86081002687 2
0.502079649715 0.982724521294 2
0.396730106069 0.236290028046 0
0.533848272618 0.269231341492 2
0.677076093815 0.737872292806 0
0.7419796526 0.590175301104 0
0.479310356007 0.254320195792 1
0.429304577239 0.0149985628774 0
0.651061976947 0.718718438691 0
0.00608164003772 0.476689786615 1
0.470554298144 0.212148640894 1
0.0474457203661 0.407683273703 1
0.77380456688 0.910213020159 0
0.440257041542 0.0937024070829 0
0.432698504204 0.374266332339 1
0.0824182599693 0.321307802275 1
0.598169839009 0.685176809229 2
0.777695637926 0.489731232102 0
0.701809856096 0.831550987285 1
0.168759022005 0.669155338421 0
0.674839018014 0.288932713068 0
0.795516310683 0.271456339018 1
0.425901106094 0.98865543649 1
0.663952015052 0.0878033454206 2
0.677164226504 0.306841894788 0
0.526403218893 0.132727746476 1
0.0324296865724 0.416727901976 1
0.0247349747791 0.0109706953918 0
0.642656578685 0.668097690847 2
0.00849707830102 0.354190656051 0
0.206030916215 0.489913742429 0
0.131297942292 0.749831858828 0
0.953522151669 0.0325403368704 0
0.255224733413 0.0122070472999 1
0.544012785475 0.343649709391 2
0.764211170235 0.313985794398 1
0.0152652815817 0.939486162663 2
0.266364504176 0.562981777785 1
0.539958221742 0.691587490164 1
0.713437966559 0.66902915704 0
0.451256948728 0.354183379754 1
0.978261782156 0.0298495874704 1
0.179817869329 0.917845139603 1
0.258644731319 0.670955729344 1
0.27087888245 0.374935112288 0
0.562843607429 0.586367268069 1
0.164143340614 0.0332335033531 1
0.0193752326758 0.526644511126 1
0.423368840852 0.436086727154 2
0.660107539488 0.148640195927 2
0.373404223814 0.164838746329 0
0.641966059582 0.829175986944 0
0.210723960354 0.367265072224 2
0.221585828469 0.138376773234 2
0.613681751191 0.89220082739 0
0.610059178796 0.0572322503327 1
0.125956702595 0.799298078727 0
0.838092388807 0.320950575682 2
0.471015216899 0.467433797098 2
0.277425202711 0.888626756351 2
0.955965576465 0.149779784132 1
0.29352122738 0.74760060545 2
0.602166646025 0.859293693049 0
0.809557770498 0.670226321157 1
0.925574895386 0.0261376489482 0
0.414379993538 0.658379767495 0
0.0253130075919 0.466398244032 1
0.411277882988 0.41289471386 1
0.659395041225 0.550550586875 2
0.977202279349 0.115856646075 1
0.902907429327 0.844307372099 1
0.370496929637 0.0887872973495 0
0.207467834544 0.345950151095 2
0.368581377542 0.397907105533 1
0.780203364959 0.613267862362 1
0.220390505215 0.527137740349 0
0.436169226835 0.625927184764 0
0.746980670188 0.622368634261 0
0.935125426316 0.664799319015 0
0.449605863454 0.987651180085 2
0.301494384009 0.107090691915 2
0.880171097025 0.435195283653 0
0.409409040311 0.947511797124 1
0.310679727311 0.798699157786 2
0.423909479419 0.773675019202 0
0.429932002535 0.595441333357 2
0.55340201312 0.353757354586 2
0.814647922536 0.381062952699 2
0.736934749252 0.412334519963 2
0.19802705979 0.869007803579 1
0.299489854874 0.0854650181577 2
0.618164292066 0.333355191252 0
0.130857284271 0.820130218434 0
0.931083370547 0.12057410238 1
0.625625381952 0.0416170818899 1
0.870700416752 0.532529219507 1
0.614925734021 0.534721897423 1
0.28810723914 0.382438862816 0
0.264147419293 0.765231446171 1
0.493516825953 0.379447915664 2
0.0930863080218 0.787061177136 2
0.748571820908 0.542732953923 0
0.966271541296 0.689533695099 0
0.298699162293 0.654561711968 1
0.839309556698 0.569567867555 1
0.886430886319 0.777871886802 0
0.6148628557 0.503337500698 1
0.14860812098 0.0592183905384 1
0.668674049889 0.66920094554 0
0.386993083086 0.710415202905 0
0.806107536529 0.353815519158 2
0.826444144767 0.848708877209 0
0.567104886982 0.497461219398 0
0.354329934546 0.0107040868196 2
0.200957617983 0.833092951404 1
0.394555548761 0.668084479271 2
0.446861165247 0.99041782848 2
0.487381598088 0.116198730998 1
0.0412490547658 0.573470095387 1
0.52150878196 0.477517947262 0
0.777588436087 0.440321165089 2
0.662727474195 0.192778179434 2
0.300557350962 0.242990152634 0
0.239141288426 0.080799309633 1
0.351812283283 0.997304368157 0
0.201408428764 0.677875346311 0
0.300165971788 0.754885675994 2
0.529861584236 0.754113878781 2
0.367151911764 0.250562704275 0
0.6003721242 0.53974494227 1
0.255831433276 0.377360974765 0
0.0573622841364 0.110264973337 0
0.933921546972 0.0761159429798 1
0.773505727442 0.988232425531 0
0.169709034957 0.444018432859 2
0.919824899702 0.0223683948751 0
0.436602381309 0.922277644206 1
0.373277890071 0.396360423028 1
0.267297754091 0.461946951832 0
0.12327210873 0.69471935064 2
0.651109734322 0.715123402229 0
0.325853845564 0.790840887192 2
0.141154154193 0.649655490374 2
0.259810948452 0.230647123896 2
0.792422422346 0.383216020434 2
0.378946037386 0.371620881504 1
0.273789790103 0.561393327727 1
0.536670189264 0.686844328357 1
0.677646878681 0.324650196138 0
0.0898653413782 0.534517561093 2
0.0327630170982 0.0570591784784 0
0.212372661202 0.537352348815 0
0.108215701599 0.0312163715367 0
0.129296042549 0.16394243354 1
0.277879921436 0.0262363190742 2
0.134364433407 0.120335613702 1
0.410042221994 0.331831241884 1
0.36023228219 0.86037541778 0
0.268556346936 0.317343942542 0
0.844923231772 0.0818898006434 0
0.492125392601 0.513057661429 0
0.139790184145 0.899031287412 0
0.116010737022 0.573033876591 2
0.0931694544987 0.579836716192 2
0.906540374264 0.831082161445 1
0.623299871799 0.139292734517 2
0.492308975899 0.345448312401 2
0.706570783936 0.161780026947 0
0.30377496119 0.0743400252408 2
0.823819521394 0.900680046404 0
0.109531881975 0.214611178801 1
0.72130385514 0.124191282626 2
0.800962317286 0.927398172428 0
0.922076294443 0.271247146747 2
0.0935821931313 0.606888341038 2
0.324485838258 0.178017563491 0
0.873385400864 0.978439298127 2
0.15252252332 0.178352966671 1
0.92387283307 0.854067977911 1
0.0396042233152 0.506373292143 1
0.166908466231 0.259261298012 1
0.38594120696 0.393154313391 1
0.317633315301 0.942180957468 0
0.564979302839 0.89013427163 0
0.69883465332 0.256586602069 0
0.256494844967 0.0300497561681 1
0.0395621329809 0.0364512806627 0
0.426481222653 0.240550282639 1
0.297146926396 0.248856231062 0
0.439641371556 0.668603169763 0
0.47502249336 0.709085432731 1
0.995773605969 0.712019241136 1
0.880257560917 0.99419067028 2
0.787714450393 0.510199570772 0
0.28002664604 0.721772513279 1
0.468089181534 0.0421145233748 0
0.261009602919 0.470878643507 0
0.668869869873 0.901828351423 1
0.103408483451 0.538063469264 2
0.659840555817 0.756932323457 0
0.979338685833 0.953127103647 0
0.848760174216 0.620250739728 1
0.502475368908 0.0895830700751 1
0.98261555146 0.347055847253 0
0.940652859011 0.808305644393 1
0.918888399381 0.71706436104 0
0.980987647146 0.805150432797 2
0.82217336001 0.0392050512913 0
0.528835183395 0.832796123008 2
0.601356137941 0.217904425464 2
0.618935484529 0.253544017774 2
0.669837105985 0.880062062088 1
0.669330686751 0.587994255121 2
0.480304863704 0.0860827241085 0
0.652270510251 0.16710243898 2
0.674593101651 0.948586238846 2
0.41856832543 0.85090164585 1
0.716598443223 0.331636738902 1
0.547581427722 0.351535359564 2
0.58004998323 0.501258281508 1
0.446136545716 0.508998225135 2
0.893636845462 0.559214240267 1
0.890382998747 0.276594776254 2
0.117148447638 0.940412434064 0
0.665256107522 0.201945974811 0
0.655138984252 0.673050933015 0
0.279122371774 0.11823944871 2
0.691006492898 0.410616466826 1
0.762668736207 0.360652497045 1
0.49299110527 0.790759165779 1
0.165573529666 0.531600644107 2
0.368625298693 0.58005910432 2
0.105441328125 0.967129051008 0
0.774902159859 0.857142660934 2
0.35452631754 0.0969003009175 2
0.70556730098 0.889401295219 2
0.541795599015 0.752097933956 2
0.0214778532565 0.769192516957 1
0.333759158554 0.583045640793 1
0.382302018611 0.400344884397 1
0.559996122267 0.415547726003 0
0.024265617884 0.905360776827 2
0.483242584686 0.549409837658 0
0.597431870786 0.882038635531 0
0.888792778962 0.642758596538 2
0.229664947458 0.900091191594 1
0.00416531239346 0.567836421355 1
0.611209698811 0.99156572408 1
0.260907672456 0.400007246164 0
0.240598170593 0.906184617476 2
0.79568939337 0.798596785952 2
0.0871638822509 0.578575847735 2
0.452970497471 0.460640627615 2
0.553425266778 0.0406413582226 1
0.241312748751 0.781317953582 1
0.517775301044 0.928450236748 2
0.566523447033 0.188861207748 2
0.172062353831 0.16086770246 1
0.651626335072 0.955091033282 1
0.566450834857 0.924978528121 0
0.338589837129 0.198323641341 0
0.191251633716 0.45858732176 2
0.610778710278 0.787093944719 0
0.246671203203 0.580780196622 0
0.218917582311 0.696607497872 0
0.554042455781 0.777252615471 2
0.100919785431 0.599447249749 2
0.480615532746 0.659902689089 0
0.789924621691 0.434391235582 2
0.63796982243 0.141668778406 2
0.000152489581299 0.140428895582 0
0.191687931381 0.704000665023 0
0.722418823475 0.0833390390423 2
0.568878702492 0.38750872292 0
0.664794933683 0.0249601055488 1
0.0130499180996 0.494911641732 1
0.156183712459 0.356256878215 2
0.628571930753 0.829540098075 0
0.785796095326 0.470722050542 0
0.478591626734 0.48805305307 2
0.0620680404691 0.584791561281 1
0.976261788496 0.204063571985 2
0.899654046119 0.142955322499 1
0.58225959713 0.714075856198 2
0.396243044585 0.962823091165 1
0.0556611620839 0.725891450807 2
0.242655197771 0.444211904777 0
0.297023391326 0.523001723871 1
0.033498148863 0.31699004804 0
0.526537952884 0.265094340201 2
0.298891982745 0.712896642513 2
0.0752178873489 0.261824012161 1
0.514517293088 0.620446814844 1
0.299562732177 0.428866139154 0
0.92366325537 0.751109801558 0
0.60050660011 0.806464137778 0
0.943984819917 0.791135768996 1
0.631385854937 0.0241941085488 1
0.639045424456 0.303436861305 0
0.98159580074 0.36697438041 1
0.568218000018 0.380814037729 0
0.117943435162 0.664782311463 2
0.0523586463513 0.572995336383 1
0.136019687291 0.743890665358 0
0.655055205092 0.355676619513 0
0.398229359172 0.81892837065 0
0.879576937169 0.262263057076 2
0.907064553776 0.853800699338 1
0.30498516413 0.317389474845 0
0.963540741063 0.661892514064 0
0.491386197894 0.516246338436 0
0.754437318766 0.168507582506 0
0.758153221761 0.350004526231 1
0.757542103124 0.591572549346 0
0.639375269228 0.503218319789 1
0.19306595596 0.275231884064 2
0.910871481029 0.881365420097 1
0.773656604548 0.463788255606 2
0.103606922824 0.604746580887 2
0.990389553122 0.728537809931 1
0.852290904054 0.567387884295 1
0.481552896913 0.495885807733 0
0.354883182713 0.0713079346466 2
0.95141731229 0.659271325589 0
0.303210133964 0.787081765575 2
0.918371814449 0.0963284610115 1
0.38460355015 0.963606266386 1
0.981172096355 0.762215686785 1
0.729136478583 0.365569074612 1
0.364506835258 0.74766002142 2
0.616746196665 0.944574753789 1
0.351774885616 0.855391630341 0
0.4860348096 0.326809385006 2
0.317078084863 0.432037771515 1
0.740478312611 0.722039738535 1
0.329604532794 0.356005508191 0
0.162921810175 0.61546910267 0
0.539461066439 0.853892793032 2
0.785162037434 0.717819070584 1
0.750692946491 0.840068438525 2
0.0654973361587 0.3654161839 1
0.32115317501 0.516481826735 1
0.916423577152 0.516326502273 1
0.0832816205574 0.415892635843 1
0.543779528137 0.737895008317 2
0.343120722199 0.388066312265 1
0.607501701346 0.993012481195 1
0.786136128566 0.553415652911 0
0.487027362369 0.952596923261 2
0.799715504618 0.0906177456273 0
0.594317038829 0.050850364213 1
0.410233662403 0.473356136246 2
0.809057968459 0.763696337554 2
0.756295701842 0.32905065414 1
0.739046690027 0.389404747444 1
0.237112334041 0.700775977722 1
0.176908660476 0.487890885662 2
0.703867658849 0.84626321093 1
0.433127771433 0.111489853466 0
0.745176785308 0.264060928614 1
0.971513877544 0.498530530307 2
0.589647722624 0.927008821532 0
0.457256556817 0.200367802626 1
0.683489601827 0.776132827454 1
0.542939253493 0.201602483902 1
0.581072661965 0.797076155035 2
0.630508667502 0.247659146118 0
0.319395275591 0.699045848211 2
0.68153481766 0.709481866213 0
0.288329055955 0.900861224324 2
0.0687216423275 0.596751501722 1
0.78184603994 0.854138112528 2
0.448053626451 0.139830014764 0
0.801981473141 0.22967278703 1
0.457246619182 0.307618761959 1
0.607861863153 0.225027222203 2
0.8680787226 0.329314010107 2
0.729064004701 0.592318415853 0
0.798179929042 0.945214676787 0
0.649299729249 0.586058778613 2
0.684581542639 0.0511411922383 2
0.719970132778 0.7801744143 1
0.0805693151986 0.352560251832 1
0.232446215 0.000179566907056 1
0.466363331217 0.843962273379 1
0.141424717418 0.474948465422 2
0.0160569232525 0.192795544159 0
0.700869395273 0.842739751424 1
0.907003025677 0.0791559818644 1
0.0389221684157 0.61630713554 1
0.596918018542 0.950262431087 1
0.92501292356 0.917781652159 2
0.459956462792 0.782654338199 1
0.888314121684 0.409376522346 0
0.938502637983 0.578510082106 2
0.978518387256 0.0335131109456 1
0.416300642732 0.846487252317 1
0.240813275423 0.812314136631 1
0.152652137114 0.244126396279 1
0.740474946504 0.871415730982 2
0.510040162065 0.0941456081364 1
0.891750260377 0.277468997784 2
0.049464658956 0.00465790357905 0
0.109028966732 0.858068244186 0
0.642632820088 0.109439179592 2
0.0787771081984 0.42521845895 1
0.589551874547 0.688042270555 2
0.324275704043 0.471853219088 1
0.311911871129 0.636500797777 1
0.848412573675 0.135856572795 1
0.544990727314 0.856687468014 2
0.00360458983425 0.0101442897053 0
0.727343233855 0.465541328642 2
0.289140160963 0.862762566091 2
0.846729496665 0.133834835297 0
0.557872704026 0.119949688098 1
0.684424090047 0.0595734344041 2
0.880174605485 0.39187678298 0
0.875873583564 0.603546684821 2
0.316147283149 0.287573029256 0
0.306414705105 0.980778328711 0
0.22810600183 0.329997435613 2
0.419806939647 0.206552065622 0
0.99826545445 0.832730973862 2
0.504830591882 0.443295904423 2
0.00844160952624 0.108358958439 0
0.0926874405479 0.204823763009 1
0.0762351549038 0.60976707457 2
0.0956357254346 0.658099347338 2
0.428372892626 0.809249479621 1
0.958487531635 0.450367401733 1
0.00561815564244 0.809431192767 1
0.902239366174 0.220528190957 2
0.117207313509 0.773152417004 0
0.755329100343 0.0350204906195 2
0.0277541493512 0.00761123547989 0
0.220217586304 0.374984088886 2
0.557144017747 0.871136553936 0
0.803456905259 0.23197306193 1
0.197104214663 0.638800610669 0
0.328370018199 0.53104305449 1
0.851273663963 0.928319900859 1
0.185082454894 0.714533417804 0
0.541865629826 0.817421273757 2
0.0819128382141 0.953243500103 0
0.725990028955 0.302034205195 1
0.900711572259 0.424712134836 0
0.362944110424 0.559958574379 2
0.666027430013 0.189444737353 2
0.221992414836 0.529249541896 0
0.320165537696 0.800179571156 2
0.0341920630679 0.323916812909 0
0.940783661891 0.111425076144 1
0.430921886992 0.131104674306 0
0.155233030839 0.737984099499 0
0.924523762952 0.351533591825 0
0.2581895039 0.697852311652 1
0.729411357377 0.239480752173 0
0.933208657221 0.220701440324 2
0.771692711384 0.706613104239 1
0.634334462677 0.0158035491982 1
0.8750926061 0.0301282267019 0
0.336716422531 0.299259386915 0
0.867933270015 0.100008169525 0
0.147508555966 0.363482117222 2
0.339433476618 0.267053804432 0
0.845208758369 0.664953632093 2
0.230369018348 0.317621841486 2
0.704547991274 0.219648459031 0
0.45441102401 0.0103296006212 0
0.940243010164 0.511149570035 1
0.717212114039 0.617024983793 0
0.922017749655 0.462835729591 1
0.112862411117 0.648947731364 2
0.883185918139 0.496749668673 1
0.477387491576 0.581811970652 0
0.297141183287 0.406196313428 0
0.555149463208 0.405685998676 0
0.490527771717 0.573509803602 0
0.204942237196 0.654443559414 0
0.35798641572 0.428522989746 1
0.457639558902 0.219648222527 1
0.654375719945 0.490422018688 1
0.962049905337 0.915354682788 2
0.848158724387 0.317414180535 2
0.385552862814 0.554788252764 2
0.448143257597 0.140459055821 0
0.882510568441 0.48976714498 1
0.87082061291 0.48835479823 1
0.153830421027 0.909203255857 0
0.837380246998 0.395661911819 2
0.243711712664 0.0210591419233 1
0.501082587566 0.233026791775 1
0.0668113683522 0.284758932616 1
0.540334004158 0.746156900914 2
0.256118732239 0.964778910479 2
0.630590900386 0.333269892607 0
0.548439378695 0.751754501509 2
0.609493889721 0.0411786120064 1
0.90219908633 0.108583377589 1
0.724925083476 0.927034105439 2
0.131482709193 0.496809774971 2
0.905421963107 0.912356055338 1
0.447185601183 0.748712874455 0
0.556825285159 0.495430686615 0
0.562004478368 0.337410246247 2
0.536781051583 0.52981944843 0
0.668747729598 0.553741665514 2
0.208942529257 0.169363574971 2
0.779948459697 0.491719074483 0
0.736446242284 0.963411245119 0
0.747766174134 0.854199191204 2
0.0176085814997 0.284906972217 0
0.454790411299 0.900943839707 1
0.134113881238 0.00151121565312 0
0.479400490378 0.721942178909 1
0.99627854636 0.362706124779 1
0.442982845105 0.174596246196 0
0.175860947575 0.17067480932 1
0.221919839978 0.838069098301 1
0.822952291507 0.291677828931 2
0.802449035499 0.00379062925451 2
0.344102033861 0.131391868972 2
0.391510469823 0.686637234566 2
0.32065095475 0.676955508334 2
0.386276006056 0.662229296543 2
0.650200672442 0.599132598732 2
0.2299516166 0.0264341626814 1
0.527564279379 0.304686860629 2
0.0358589695178 0.91356041202 2
0.0304009104616 0.468505431496 1
0.581884725575 0.549019416808 1
0.811278126757 0.619660934028 1
0.522549420253 0.169294953824 1
0.0830024764868 0.320434256688 1
0.963011554004 0.581972300089 2
0.174103259492 0.381274846453 2
0.901297144821 0.693376922135 0
0.924642175777 0.0752872112627 1
0.809579797332 0.804528374291 2
0.379164963025 0.10192621004 0
0.950842152794 0.0941817732743 1
0.179017749685 0.575385724858 0
0.035422925334 0.406459504358 1
0.878292683888 0.15176492815 1
0.853854487188 0.928684754954 1
0.0827232715183 0.876155443286 2
0.975697169781 0.843031684598 2
0.649025555066 0.494093152359 1
0.266417830873 0.633087614053 1
0.273113035897 0.979320707658 2
0.452837178087 0.535618375092 2
0.530621889271 0.792242297283 2
0.112938150562 0.563444902265 2
0.272734695367 0.402035733442 0
0.682956705641 0.248002827973 0
0.331401353292 0.0474365084019 2
0.0525444891493 0.66294861529 1
0.508145148848 0.35463707784 2
0.117910449339 0.880515751142 0
0.41172951588 0.641428812935 0
0.622665583573 0.486582345119 1
0.343981155501 0.834272950187 0
0.812711890369 0.0465447185516 0
0.659517644737 0.999406027943 2
0.80559237025 0.0505178036213 0
0.536062949366 0.317751618757 2
0.551282402952 0.641759270279 1
0.934152963496 0.172851106585 2
0.921287887834 0.560425444585 2
0.339160820967 0.0510288457399 2
0.544570624837 0.539035266987 0
0.534886098633 0.27058578846 2
0.250610001588 0.627407599657 1
0.436428076858 0.050056094436 0
0.79559389209 0.0560523792297 2
0.458942872621 0.980456734471 2
0.0572006437727 0.217530650452 0
0.938908298398 0.430777897464 1
0.297824704052 0.0971981119855 2
0.104777917199 0.539272929566 2
0.0324590530933 0.87111765027 2
0.0697882401062 0.52489216104 1
0.468707030856 0.656037694944 0
0.0377415894974 0.91337940217 2
0.0579589057359 0.997947045823 2
0.280772626783 0.288267838973 0
0.952697513131 0.925118499147 2
0.0163133057586 0.630438723492 1
0.141507462307 0.239153864869 1
0.400089667034 0.771204767864 0
0.993642508929 0.133335907702 2
0.454068986217 0.430946240566 2
0.589355826307 0.573456284716 1
0.914562755477 0.327030972801 0
0.665517248275 0.840308928602 1
0.644141901353 0.733684877627 0
0.198984210098 0.808346634117 1
0.41216644194 0.806027466455 0
0.248158159404 0.616103911789 1
0.384462694712 0.982355708464 1
0.0936566500234 0.538001666661 2
0.142007443583 0.417678428387 2
0.598309109885 0.971903609269 1
0.86159843465 0.0429102218541 0
0.191534673877 0.167431070241 1
0.922378201687 0.371654165979 0
0.859778436241 0.375181510031 0
0.0686049056125 0.631872810511 2
0.16662286111 0.348730687771 2
0.981174102086 0.198542718697 2
0.804414448811 0.461510312051 0
0.0377696113851 0.945277703284 2
0.422096703869 0.893359769105 1
0.369088953095 0.688078267479 2
0.382642659553 0.628234569319 2
0.00308361777344 0.770505692998 1
0.900952386421 0.976677222562 2
0.728216740008 0.553158502724 0
0.746087877874 0.442959636921 2
0.852350603452 0.581313901973 1
0.0307308369324 0.457440793339 1
0.434304231442 0.771714844721 0
0.52877814973 0.577292633949 0
0.873051060024 0.775690679888 0
0.186975495142 0.910813517657 1
0.286265680462 0.275515366418 0
0.245921438221 0.800423151012 1
0.157745703668 0.243558509841 1
0.972504239084 0.753183932312 1
0.993621930091 0.861011197378 2
0.476730454695 0.846000349028 1
0.390354866656 0.649664221764 2
0.951154051521 0.709816328367 0
0.191415897583 0.635873392969 0
0.993072694885 0.839937083536 2
0.966162654318 0.788511525147 1
0.0603432365667 0.303818106712 1
0.630066424291 0.551936568579 1
0.629403367158 0.826517890638 0
0.864814616583 0.684258930162 2
0.234227476864 0.346492957108 2
0.910279795226 0.0262210866096 0
0.335747456161 0.682644133457 2
0.0881391057337 0.536169554491 2
0.783030286648 0.354275493281 2
0.664635624273 0.491210097307 1
0.687755239695 0.821350566121 1
0.322195169991 0.154951982712 2
0.132850241345 0.153158822784 1
0.093127976217 0.9274965613 0
0.424162564557 0.0148638433713 0
0.811453188104 0.608289126566 1
0.322824405108 0.91820309324 0
0.604025195091 0.18026346237 2
0.738479570639 0.437010359045 2
0.461274783416 0.15312208384 1
0.093198507315 0.0448499730358 0
0.0677441251836 0.597426505814 1
0.379314666333 0.0602425799914 2
0.953482924043 0.881044493824 2
0.876221278804 0.40616591204 0
0.647192441779 0.883810078811 1
0.738543490087 0.330800550215 1
0.604903039467 0.992264333707 1
0.119072852261 0.860734366495 0
0.692813354329 0.471717424344 2
0.611499543663 0.341277475803 0
0.863513446465 0.0759692734399 0
0.788524178013 0.837570324135 2
0.706605020042 0.257067941642 0
0.612082868613 0.802955658244 0
0.685189387352 0.460224236321 1
0.937759658919 0.821619124198 1
0.808009369314 0.499870046291 0
0.38988082335 0.806862736738 0
0.105637374256 0.93251873043 0
0.807341327371 0.318140565681 2
0.366385173528 0.166905838641 0
0.595166409985 0.313777284698 0
0.241977680813 0.274664730998 2
0.18645259094 0.0162164301516 1
0.0926463904311 0.0376714888422 0
0.691540515133 0.379766483039 1
0.796237063679 0.979001023076 0
0.215695337972 0.544734920885 0
0.194990093269 0.163242970669 1
0.791144839475 0.965529130547 0
0.837161804577 0.682882884574 2
0.57161007413 0.2097736898 2
0.608920996195 0.913228751852 0
0.349824447102 0.265916815981 0
0.0334267199251 0.442341462871 1
0.48265164992 0.0123891377461 0
0.920881716645 0.326894343834 0
0.215863978146 0.470130451504 0
0.266090549745 0.496776036993 0
0.582020160201 0.254787494601 2
0.91597439341 0.898659712257 1
0.858396743491 0.959136846791 1
0.422143034346 0.797749448358 0
0.279359064889 0.637807054335 1
0.891893810187 0.6284764627 2
0.767703444884 0.760689721601 1
0.270501636415 0.0860401404122 2
0.149729792311 0.0585820755564 1
0.836335399677 0.60239628196 1
0.575405713018 0.344098219858 0
0.560267141348 0.996544963172 0
0.377100204946 0.272861414226 0
0.403497967144 0.949476317261 1
0.782078127672 0.632740503067 1
0.676128697304 0.0474158851755 2
0.61395153106 0.10453482871 1
0.0394380376679 0.613809753821 1
0.142098120043 0.205350553036 1
0.863927337621 0.647943770414 2
0.333680570466 0.214573641465 0
0.499168046014 0.352422578369 2
0.409937328522 0.279110205392 1
0.30681014199 0.551589693563 1
0.140627887852 0.317757419932 1
0.0762670593026 0.447780188324 1
0.524110290388 0.588805326721 1
0.766270358993 0.740860735059 1
0.633460297166 0.0625189933342 1
0.25282078553 0.466344295809 0
0.234805003003 0.266753141986 2
0.951156600693 0.828962434445 1
0.376994757777 0.12146666238 0
0.0656146764173 0.157817561717 0
0.355295602219 0.312914777926 0
0.642417366487 0.0629685396033 1
0.198170302096 0.932919166362 1
0.787474477671 0.488826848768 0
0.692833081433 0.820620922918 1
0.0880674381868 0.123255572553 0
0.464999384283 0.0463419197861 0
0.108662787784 0.20524603126 1
0.887573832231 0.933400462167 1
0.235976937198 0.17218305596 2
0.152649655591 0.633392743789 0
0.499978240276 0.772397005516 1
0.268396692335 0.827141345977 2
0.988812402899 0.436050251153 1
0.462725786915 0.444334356054 2
0.569504015072 0.613634374624 1
0.779499888076 0.825253744673 2
0.632017911799 0.369941483355 0
0.255122897274 0.240638445033 2
0.448728355107 0.504280159792 2
0.321656873565 0.767056501975 2
0.957067855635 0.899287044844 2
0.449081092603 0.664522605162 0
0.370449515002 0.611755752504 2
0.994872906813 0.945809666253 0
0.282437240326 0.520927221097 1
0.976749419848 0.191699461296 2
0.468359826185 0.333740715646 2
0.415315424744 0.654374657042 0
0.109805301286 0.238899827603 1
0.0892261564471 0.734882428874 2
0.373870569622 0.168858350895 0
0.123161661886 0.921371716834 0
0.202595810698 0.207659787996 2
0.61189547591 0.0214529062299 1
0.0878114861375 0.214711778061 1
0.495174180604 0.444222724602 2
0.487479229994 0.233333461118 1
0.487182759679 0.168319776607 1
0.391810564017 0.111742898984 0
0.670808276451 0.901351507911 1
0.719688050976 0.600357880342 0
0.867555644959 0.553102540816 1
0.0133432420455 0.0396599134723 0
0.123312331045 0.421672829665 2
0.72586657792 0.0651272096215 2
0.969581982659 0.828351125298 2
0.0204661786943 0.222097688503 0
0.352792542648 0.492601525303 1
0.308769963866 0.330965240666 0
0.104555621647 0.158638231315 1
0.38884028997 0.803509556304 0
0.455788518217 0.314261019994 1
0.0658112858046 0.741332225261 2
0.511702915835 0.184584292528 1
0.324180707465 0.597529640118 1
0.822863447798 0.606957537404 1
0.806194031733 0.763481055415 2
0.0429317464446 0.0242238086861 0
0.322745503102 0.32279604363 0
0.967895169883 0.443028966726 1
0.118497452338 0.699331301667 2
0.370568090787 0.318894857367 1
0.242671782341 0.684058307301 1
0.37876359286 0.334928132972 1
0.820305573533 0.476404947473 0
0.850271103019 0.625206227399 1
0.713624892183 0.882733807408 2
0.701115539177 0.365325191364 1
0.442367619444 0.632467588758 0
0.74959701309 0.311862164647 1
0.150719051853 0.665446784332 0
0.00111975146952 0.563542229906 1
0.793454978836 0.910610242326 0
0.474683879927 0.585108730783 0
0.857826347561 0.939947927474 1
0.43116394258 0.551989782125 2
0.321129979148 0.646932229996 1
0.294628395717 0.319282581352 0
0.585031783853 0.391739166373 0
0.476284060035 0.605696317083 0
0.364313950223 0.940278688007 0
0.387007102794 0.246541290765 0
0.751414885894 0.535162093493 0
0.923549753385 0.918075132744 2
0.218824580613 0.0275447135707 1
0.55221939257 0.902262316898 0
0.144040860117 0.415944242417 2
0.510616627518 0.263119016249 2
0.160685332782 0.64934329435 0
0.856093922686 0.238985715901 1
0.76980303455 0.539728673817 0
0.885087337192 0.0251611289326 0
0.984128868831 0.331524593232 0
0.515896047632 0.0713023662173 1
0.470962178996 0.427203028828 2
0.927321368368 0.571383338741 2
0.283201592367 0.52955304492 1
0.958235539806 0.435210753319 1
0.981170257139 0.210926315738 2
0.985788047297 0.449828962118 1
0.204699031585 0.709294228329 0
0.825661336102 0.00673614032517 2
0.0759660506488 0.330326614102 1
0.500151395105 0.671781382061 1
0.780981355703 0.916571327919 0
0.89225349109 0.415805609307 0
0.0219979657589 0.162307023243 0
0.182519582549 0.97768855941 1
0.436469290616 0.0371750978956 0
0.689990973996 0.331097966029 1
0.846403371625 0.310250257307 2
0.155533012581 0.607637593763 2
0.449103882913 0.683294638517 0
0.197410637383 0.340534944886 2
0.519704529675 0.220732701546 1
0.97867576595 0.992058153988 0
0.499430596839 0.420408041683 2
0.487421715157 0.959074367826 2
0.592867238962 0.0198644859731 1
0.869813228404 0.342632075877 2
0.268455654396 0.0554109341857 2
0.704102035491 0.232670290983 0
0.867492939922 0.0785646511834 0
0.874689304989 0.960866282245 1
0.8991241016 0.625442776658 2
0.19093659918 0.0888341436641 1
0.404015429016 0.956528905493 1
0.975348357292 0.963728107995 0
0.817226086275 0.589351627295 1
0.916416520191 0.533150880063 1
0.420048481846 0.931709384883 1
0.206423035094 0.294019180935 2
0.218371326903 0.828614806852 1
0.102575178634 0.590231268211 2
0.728792117083 0.230431593891 0
0.963616622164 0.0579429750951 1
0.979537792735 0.916541545438 2
0.857955127079 0.845744894269 0
0.51205004734 0.481333715201 0
0.638577796643 0.949284554209 1
0.49628032097 0.378839638721 2
0.056303083964 0.0517052709997 0
0.698687438301 0.158501153696 2
0.917788668637 0.929217716121 2
0.0812100511319 0.449088027112 1
0.375630494845 0.995458936526 1
0.0309380763908 0.531769964703 1
0.00443225810065 0.674912353419 1
0.849715646015 0.414417689667 0
0.0249858614056 0.435353637762 1
0.837846293954 0.806263194142 0
0.428853993175 0.301033183998 1
0.79882209981 0.0517920427423 2
0.0997521087315 0.767621353695 2
0.511376434751 0.484547994441 0
0.695545309023 0.881695861119 1
0.375798519073 0.745724339859 0
0.0984025869976 0.0325174376361 0
0.343188092897 0.85273600814 0
0.825878728537 0.844146845858 0
0.360541572135 0.0673203115945 2
0.378210442863 0.380544809238 1
0.70470779873 0.508465250082 2
0.497345269279 0.428383930853 2
0.684391001898 0.45239756591 1
0.418571120388 0.543855822514 2
0.436952545495 0.685889286875 0
0.0320864361001 0.417640559853 1
0.18753406886 0.758572102689 0
0.522496080551 0.964317763422 0
0.767881949006 0.441638108165 2
0.483428377358 0.848993885502 1
0.505550373997 0.662039000907 1
0.00737417125486 0.809616982731 1
0.178173752347 0.642615542836 0
0.309164872838 0.960100808494 0
0.0497882427823 0.961801565793 2
0.995886116932 0.490996772284 2
0.879142621811 0.506619862243 1
0.899103915196 0.650452443835 2
0.352211518451 0.222614411246 0
0.342473243465 0.730948095671 2
0.52523013938 0.854942794806 2
0.56163336664 0.984345597004 0
0.563461986253 0.00316141515185 0
0.513418283102 0.666021438761 1
0.309115536168 0.941280259922 0
0.00414028244598 0.698045378622 1
0.881383305016 0.183407592652 1
0.461860807916 0.862211569685 1
0.0638956522581 0.145594159953 0
0.74968722899 0.595619851746 0
0.260213709414 0.400071279807 0
0.957520669666 0.0244152847062 0
0.524714621123 0.498652111313 0
0.0774374066325 0.926214837221 2
0.0755858577271 0.385906125244 1
0.662465905958 0.0608996710145 2
0.856524515205 0.911284766167 1
0.243723793931 0.57099949095 0
0.961078069665 0.76544127153 1
0.770692248627 0.882397688584 2
0.560911740285 0.101746365708 1
0.167481237656 0.804450460752 0
0.615574070369 0.173025762021 2
0.768898957773 0.598652874557 0
0.33772074479 0.25626163513 0
0.896476400682 0.367510738225 0
0.537256786503 0.878521282783 2
0.260814468722 0.759713713139 1
0.459828808171 0.279446836394 1
0.608898000241 0.860568780787 0
0.515039808687 0.756827187103 1
0.42248599913 0.0865226072753 0
0.163329345777 0.249273079648 1
0.525150020733 0.888324025811 2
0.459269649635 0.886516904008 1
0.005203218835 0.701429756001 1
0.808719801193 0.0440062952814 2
0.736357122942 0.156747270016 0
0.786540196906 0.886558250449 0
0.320191971567 0.186266384941 0
0.140209976091 0.581298101627 2
0.549641541603 0.18480280077 1
0.196964221789 0.993817217462 1
0.223757609234 0.145249825843 2
0.139318018473 0.00435466919805 0
0.723028628554 0.286825627661 1
0.215698581042 0.0810547984068 1
0.809022952558 0.359840206458 2
0.652675981977 0.410693589369 1
0.0280272677755 0.219319985834 0
0.575367309271 0.591817893784 1
0.329375206183 0.381582470792 0
0.710742693582 0.4302915512 1
0.862324014112 0.278095883964 2
0.00180678651137 0.523717009582 1
0.555639652318 0.156646723777 1
0.970788919492 0.237923299 2
0.150994034121 0.522701800333 2
0.748268366716 0.459286081332 2
0.735761410095 0.241698861999 0
0.194662784648 0.725215907359 0
0.926542984979 0.115014086954 1
0.0934184455621 0.0898951138361 0
0.327839645537 0.242586735658 0
0.450303181633 0.94501254683 2
0.0189050022226 0.0269755678873 0
0.244882507218 0.94009879004 2
0.500399630341 0.265847771868 1
0.364540017462 0.676574943247 2
0.476830569879 0.25197215761 1
0.699519650251 0.254012783352 0
0.437202829536 0.357888596846 1
0.315744177587 0.200333521612 0
0.025000907624 0.457130453412 1
0.154663577131 0.203077599102 1
0.771858367981 0.836812532995 2
0.104205813504 0.0400779015621 0
0.351406780397 0.373230512249 1
0.705342651056 0.551645707013 2
0.657749680364 0.0401901686304 1
0.439375410611 0.287233915156 1
0.046800223257 0.156903557133 0
0.905919770216 0.758175083768 0
0.719910109286 0.564121261233 0
0.977049123543 0.522093611279 2
0.333554118928 0.998319956886 0
0.726132746688 0.248874677656 0
0.193971272767 0.705686735348 0
0.496747494004 0.333178865029 2
0.0517942380449 0.274575420016 1
0.455980295945 0.836142021989 1
0.824553655732 0.870946456417 0
0.475806466547 0.136739714755 1
0.41210041849 0.889529909386 1
0.790962849847 0.0720568725348 0
0.816591978107 0.20833052305 1
0.0539028218353 0.285749209725 1
0.043736611298 0.881154726547 2
0.782373173376 0.364840418256 2
0.957277112965 0.731470236285 1
0.283801006791 0.906600701025 2
0.701406193875 0.946288962059 2
0.374575720114 0.792889158904 0
0.74194938043 0.0747109435038 2
0.206982469993 0.967013884103 1
0.945557511514 0.134331903773 1
0.622720135163 0.589951598836 2
0.688912591256 0.473866308726 2
0.120065223136 0.852199345261 0
0.741873457138 0.0269222179001 2
0.146562149672 0.488746448136 2
0.429867464932 0.460311299021 2
0.841691476635 0.717243870722 2
0.693409255265 0.123788703974 2
0.574511606265 0.758755263819 2
0.850251321528 0.958348312235 1
0.0690664056017 0.865402232505 2
0.962075465267 0.423367584837 1
0.587791279237 0.639945234276 2
0.232316737295 0.10230946968 1
0.751258123554 0.419528919839 2
0.622472900193 0.396527868135 0
0.529178302192 0.558783388151 0
0.261361011043 0.392908127747 0
0.622258302237 0.689249947096 2
0.124307795108 0.224134960434 1
0.397486480986 0.551013873517 2
0.357824072433 0.848761122544 0
0.0620605430508 0.595297711229 1
0.35761252189 0.183235060744 0
0.251311202654 0.00953999837002 1
0.505885378527 0.715690627961 1
0.769269289254 0.90231462259 0
0.612308170539 0.0468722783942 1
0.891578152822 0.030745264381 0
0.60176223083 0.533075811741 1
0.861867797394 0.351623842726 2
0.657722107227 0.0955905688114 2
0.470173074336 0.84564624941 1
0.733564004159 0.00585892132405 2
0.337712741659 0.799253036412 2
0.745263910549 0.279870519277 1
0.955744959558 0.866298840606 2
0.317772497613 0.0484056001207 2
0.257962193999 0.0341045567699 1
0.963788886854 0.73060959196 1
0.0417155658324 0.499562177172 1
0.246128434042 0.0793444289252 2
0.662757393373 0.0101773780835 1
0.050648275517 0.196046784039 0
0.56642737305 0.14199376498 1
0.043522830087 0.734248684471 1
0.686368744598 0.615451284318 2
0.438670836902 0.180990961638 0
0.0272762261078 0.464966307622 1
0.637221293702 0.410082706624 1
0.94517615903 0.661635245266 0
0.958211904978 0.887720559241 2
0.790271409727 0.049631808346 2
0.0826030900535 0.964262280144 0
0.423384699854 0.258463694499 1
0.693818988828 0.727481072322 0
0.847467854445 0.146919458209 1
0.546027713593 0.896050155198 0
0.867079140448 0.208395671068 1
0.60319553072 0.677491710349 2
0.538745174521 0.650307744168 1
0.398293765202 0.610177073726 2
0.934258091471 0.287579332347 2
0.257120446772 0.0241942315483 1
0.556347957144 0.267509714078 2
0.966810450659 0.683705948745 0
0.276553594341 0.318612345261 0
0.400888324253 0.781295615493 0
0.282962399916 0.265210505128 0
0.733594165228 0.0269842380693 2
0.0021163137619 0.344458237332 0
0.0983717750384 0.306683634603 1
0.77202822635 0.971837372125 0
0.767871825911 0.933503010815 0
0.735879643381 0.410530740501 2
0.471620451504 0.0695734022819 0
0.938741390366 0.923143718677 2
0.850852047213 0.031815732914 0
0.864235244172 0.0308724948137 0
0.638654213235 0.0669619545121 1
0.0381840421194 0.16463104063 0
0.555949368365 0.570874089436 1
0.777189884684 0.546753650995 0
0.244984073873 0.0875969226365 2
0.603070315381 0.0233875420806 1
0.460721736416 0.586991971008 0
0.84373745815 0.69399925443 2
0.640881114167 0.700899841574 0
0.961722035325 0.142279770552 1
0.772136264276 0.952276175514 0
0.303092138375 0.731506056937 2
0.889328197273 0.445024270216 0
0.621046902949 0.527770223887 1
0.993613143669 0.908976174019 0
0.350628007648 0.995682381013 0
0.546052229177 0.042886299162 1
0.139316853908 0.59343076294 2
0.922074323282 0.898547372316 2
0.415947567514 0.323015098451 1
0.382502340758 0.575574066679 2
0.320655839999 0.410062571229 0
0.357326170991 0.657537931619 2
0.764962382917 0.784747148375 2
0.307821478197 0.636858742127 1
0.622824866393 0.954528839348 1
0.641877724038 0.181233873794 2
0.422953252825 0.769644585553 0
0.49740452796 0.673762808861 1
0.237774995539 0.543510225812 0
0.0739828647581 0.91339562548 2
0.921692094815 0.068364936718 1
0.046082347331 0.436573476451 1
0.953720225223 0.577180516159 2
0.585381947076 0.900148638972 0
0.300659197976 0.420393666655 0
0.421745757773 0.0848644051181 0
0.966692529141 0.638482149788 0
0.590689213974 0.68090164234 2
0.0839065374015 0.455897013001 1
0.094700470302 0.216427021398 1
0.808775378126 0.131314076298 0
0.588979989693 0.808319965147 0
0.360163651352 0.717437425656 2
0.530518293832 0.827823977943 2
0.381534874768 0.707893280648 2
0.646772198713 0.625577000201 2
0.422466701485 0.324389964038 1
0.381586903608 0.0218459255486 2
0.451276830804 0.693707758915 0
0.191959560309 0.55710800887 0
0.00107416815412 0.519249835794 1
0.616881504839 0.26663475652 0
0.667343378522 0.0958642229649 2
0.540239590399 0.730346368207 2
0.127246210153 0.167383787554 1
0.263594447114 0.883958723775 2
0.438633468256 0.0349107711033 0
0.222381125636 0.701505051928 1
0.216939485933 0.458051931297 0
0.652277130847 0.0336277498945 1
0.00709132150541 0.384105462129 0
0.828601017966 0.890433362722 0
0.964752659047 0.483211354555 1
0.825026720339 0.190795925897 1
0.148608509791 0.728576989836 0
0.361786614389 0.676493265784 2
0.517932858985 0.470719723165 0
0.977349503606 0.971893997918 0
0.357825825545 0.548246012245 1
0.994864839362 0.0872824743822 1
0.513811819579 0.462263316079 0
0.873307831259 0.13185029914 1
0.458747392235 0.823661266129 1
0.478551416101 0.127341488175 1
0.607233584953 0.212094886154 2
0.724772199647 0.990257307449 0
0.900808707361 0.410700025075 0
0.662778855856 0.257984629557 0
0.556484185499 0.769720569006 2
0.530816134876 0.321547733619 2
0.883739658763 0.70025742498 2
0.830582690206 0.618632047698 1
0.234663798835 0.461938961688 0
0.459449054646 0.0865747552949 0
0.639485936036 0.0111755469303 1
0.0689850554508 0.678767307795 2
0.318453792201 0.57349809601 1
