200
0.880443252396 0.467512583552 0
0.62963835895 0.0535280172508 1
0.533191052198 0.0454359480049 0
0.101525738909 0.549133519113 2
0.793957686292 0.360894537579 2
0.354493825595 0.804347721547 0
0.82396099961 0.631212222249 1
0.769677577748 0.0687813952876 2
0.0856558475946 0.608988693527 2
0.854508524713 0.668151967349 2
0.208338390408 0.148509813341 1
0.507812466552 0.343676773781 2
0.603301853837 0.0736651823469 1
0.989441975276 0.939154084718 0
0.958196088325 0.810942205441 1
0.514093638377 0.582397508203 0
0.763102152233 0.971631204607 0
0.39262477125 0.198282534824 0
0.168007642096 0.27333330323 2
0.252188629716 0.688317835337 1
0.778691825535 0.533364642055 0
0.193717396398 0.974500921068 1
0.0593025598453 0.799360485456 2
0.739786319513 0.462375944247 2
0.694074217245 0.292360671347 0
0.50930976697 0.422339325398 2
0.432686998408 0.225598220979 1
0.515592115748 0.600890717984 0
0.341134594858 0.20553814222 0
0.526038131907 0.215298146187 1
0.930817505532 0.879213622808 2
0.46941458613 0.0839705810634 0
0.387244455321 0.0807226304403 0
0.914924727635 0.581146568783 2
0.981756509223 0.154944016668 2
0.288796533399 0.061648345553 2
0.373593412458 0.510400787524 1
0.34847442533 0.886699798339 0
0.744129798164 0.813688587882 2
0.291767627935 0.283507525656 0
0.916869361189 0.826366384204 1
0.822274159156 0.355213225054 2
0.669335173105 0.310039192954 0
0.0797090482903 0.830823053615 2
0.408910983325 0.944115377783 1
0.847548972464 0.831090445658 0
0.710393671668 0.575324266864 2
0.463332849449 0.346643762734 2
0.853624116418 0.475615537183 0
0.959035401248 0.794736321536 1
0.555319865462 0.0260561463313 1
0.911559215561 0.551761928923 2
0.0342756700408 0.0703165046755 0
0.730376181261 0.365808296402 1
0.863074628644 0.0999651901589 0
0.58082583621 0.205480924323 2
0.418906400748 0.929612573415 1
0.870462338754 0.309337833093 2
0.934504130596 0.243716305258 2
0.577988253993 0.11563569622 1
0.800182931852 0.835410595625 2
0.5543147059 0.776107112242 2
0.639231816178 0.327695898926 0
0.904330945303 0.378639344163 0
0.397395067922 0.710109159223 0
0.779071509877 0.758941139947 2
0.997813374594 0.337548760411 1
0.54827426547 0.926834580383 0
0.279168306264 0.636659261342 1
0.954572117588 0.117965195528 1
0.592809018581 0.741924126842 2
0.434334450579 0.236302492 1
0.632834172893 0.557036136203 2
0.0988493459045 0.183741759482 1
0.531149723385 0.0646842137022 1
0.309423930758 0.54631069084 1
0.909083914267 0.870889449913 1
0.889498045227 0.712278038872 0
0.374139694802 0.837344065948 0
0.910004105245 0.657643455225 2
0.484019802665 0.757441253066 1
0.727058901471 0.606011577525 0
0.696242687635 0.753717233353 1
0.0642377297182 0.0818542584013 0
0.541253879049 0.162713172033 1
0.410019630984 0.216054719146 0
0.0393614549961 0.443134668493 1
0.471978436342 0.5048646507 2
0.92220244923 0.199607635663 2
0.163144649523 0.313285600226 2
0.753537126369 0.487795537684 2
0.266471908185 0.624214043963 1
0.314020717727 0.696307184379 2
0.952894894697 0.697742962254 0
0.275552418044 0.275686949375 0
0.439363150365 0.349964921456 1
0.222707850937 0.069500789223 1
0.854631352872 0.325036172204 2
0.91188356799 0.205977162983 2
0.788905636499 0.357244105511 2
0.784826379361 0.527829044397 0
0.0921463077029 0.858159796189 2
0.483163792511 0.223826705865 1
0.760576886314 0.19246909542 0
0.84885049631 0.817512122586 0
0.980168194583 0.792254237154 1
0.555232830982 0.509988339781 0
0.64116939124 0.14376615603 2
0.734254238208 0.310341605551 1
0.756161091365 0.785871368393 2
0.151344470616 0.135690108995 1
0.227246025591 0.367219980911 2
0.353524211143 0.0621968115781 2
0.462010748572 0.403999857961 2
0.879011080031 0.106825066475 1
0.70226163693 0.0906519074487 2
0.412139299699 0.698353923402 0
0.0765025322057 0.8058691644 2
0.088607754745 0.345017905687 1
0.891245503997 0.867899922506 1
0.985567943871 0.0862877793482 1
0.890755731897 0.408106679467 0
0.107924209753 0.0426256467334 0
0.931256429816 0.652313844839 0
0.336775601658 0.0612225092183 2
0.893155373939 0.783974538442 0
0.731150325947 0.655280037424 0
0.928187139898 0.143031560543 1
0.198685252036 0.715780364923 0
0.530497100131 0.0817808629384 1
0.991469684879 0.0702703719219 1
0.0395773377147 0.217935355825 0
0.430004053975 0.684168432427 0
0.12174362052 0.505774044782 2
0.484949546955 0.848361145633 1
0.844124042821 0.174900031511 1
0.584843802268 0.777794662838 2
0.928257789856 0.25499001536 2
0.885630769807 0.53370661073 1
0.542518020794 0.0891372646516 1
0.455377963339 0.809618954267 1
0.9269837165 0.383996010941 0
0.486796530045 0.555560661182 0
0.782823384062 0.193226671364 0
0.711013248189 0.157985447159 0
0.715797012472 0.550942503424 2
0.291247566752 0.465115362201 0
0.198244068973 0.183106302958 2
0.731740525137 0.0122020057243 2
0.201199834889 0.249071558311 2
0.902046700883 0.604518478079 2
0.0631691525783 0.121312765654 0
0.894693968263 0.974003001292 2
0.937009099714 0.976293194162 2
0.718567124559 0.76209157557 1
0.709142181964 0.817662731742 1
0.966033961932 0.363501215316 0
0.828771599984 0.495783909714 0
0.730213681877 0.880294690588 2
0.667024269201 0.495198511292 1
0.0397242560532 0.858315660856 2
0.444075923989 0.548847590032 2
0.0874738513827 0.461941795097 1
0.655013182914 0.160079922289 2
0.404834149576 0.570516406612 2
0.880862772885 0.293923137271 2
0.569811415542 0.0304862012728 1
0.328515843357 0.113210673965 2
0.659532737873 0.900159808955 1
0.335355417547 0.354840694593 0
0.31626270397 0.955710427779 0
0.712177389753 0.00765637539351 2
0.720941518111 0.623992589243 0
0.385259600728 0.213248287578 0
0.634435582271 0.828531185227 0
0.882007077121 0.358532550838 0
0.499893137554 0.352968426013 2
0.702211261689 0.605828834948 0
0.723846193935 0.397172081821 1
0.362745030292 0.538272375143 1
0.0120041606597 0.187647953068 0
0.543262025781 0.391697900511 0
0.461166941875 0.93180728554 2
0.524437769309 0.349871006611 2
0.147253681619 0.375447563715 2
0.910902322617 0.669633630851 2
0.74308274165 0.689834706972 1
0.0897624164063 0.0128450246038 0
0.570301777356 0.140707262009 1
0.553638171081 0.522249600437 0
0.770942197678 0.0699685274499 2
0.870572836457 0.672685759531 2
0.856758640884 0.751216632548 0
0.693043513445 0.495265613385 2
0.298751619725 0.706721630513 1
0.916081820179 0.742950747019 0
0.357149691153 0.945120841511 0
0.475174920884 0.647789322074 0
0.736090280714 0.423449087169 2
0.865807983942 0.585722749924 1
